 0.90781183306569736E-02   0.975781955E-18  -0.203102862E+07
 0.28979504758285170E-01   0.294830693E-04  -0.610447381E+06
 0.56530706571358273E-01   0.610821736E-04  -0.294631045E+06
 0.82697561481639065E-01   0.949491783E-04  -0.189521104E+06
 0.10752294235126508E+00   0.131246847E-03  -0.137092119E+06
 0.13105230107087182E+00   0.170149623E-03  -0.105735180E+06
 0.15333236738345041E+00   0.211844470E-03  -0.849139033E+05
 0.17441072308815850E+00   0.256531767E-03  -0.701126304E+05
 0.19433541719692285E+00   0.304426272E-03  -0.590734741E+05
 0.21315462214809947E+00   0.355758156E-03  -0.505420031E+05
 0.23091632975103271E+00   0.410774103E-03  -0.437655152E+05
 0.24766808525325815E+00   0.469738502E-03  -0.382649795E+05
 0.26345675744724145E+00   0.532934713E-03  -0.337210082E+05
 0.27832834254775762E+00   0.600666428E-03  -0.299124567E+05
 0.29232779938355435E+00   0.673259129E-03  -0.266813374E+05
 0.30549891336947155E+00   0.751061654E-03  -0.239117691E+05
 0.31788418669917667E+00   0.834447870E-03  -0.215168197E+05
 0.32952475222935607E+00   0.923818468E-03  -0.194299926E+05
 0.34046030859572929E+00   0.101960289E-02  -0.175995517E+05
 0.35072907420279376E+00   0.112226138E-02  -0.159846379E+05
 0.36036775785338643E+00   0.123228722E-02  -0.145525510E+05
 0.36941154392415276E+00   0.135020907E-02  -0.132768079E+05
 0.37789409014272596E+00   0.147659350E-02  -0.121357307E+05
 0.38584753617687439E+00   0.161204775E-02  -0.111114031E+05
 0.39330252140108751E+00   0.175722261E-02  -0.101888876E+05
 0.40028821035883128E+00   0.191281555E-02  -0.935563043E+04
 0.40683232458662016E+00   0.207957407E-02  -0.860100407E+04
 0.41296117960730522E+00   0.225829929E-02  -0.791595131E+04
 0.41869972603330186E+00   0.244984977E-02  -0.729270554E+04
 0.42407159384508020E+00   0.265514568E-02  -0.672456888E+04
 0.42909913902562680E+00   0.287517314E-02  -0.620573479E+04
 0.43380349183762529E+00   0.311098900E-02  -0.573114483E+04
 0.43820460612682205E+00   0.336372591E-02  -0.529637238E+04
 0.44232130912271067E+00   0.363459771E-02  -0.489752744E+04
 0.44617135128661528E+00   0.392490527E-02  -0.453117820E+04
 0.44977145582796019E+00   0.423604272E-02  -0.419428605E+04
 0.45313736757246986E+00   0.456950413E-02  -0.388415139E+04
 0.45628390092182503E+00   0.492689066E-02  -0.359836821E+04
 0.45922498669344586E+00   0.530991824E-02  -0.333478582E+04
 0.46197371767217166E+00   0.572042574E-02  -0.309147647E+04
 0.46454239274318870E+00   0.616038382E-02  -0.286670773E+04
 0.46694255950818414E+00   0.663190431E-02  -0.265891902E+04
 0.46918505531485855E+00   0.713725036E-02  -0.246670133E+04
 0.47128004665410594E+00   0.767884719E-02  -0.228877986E+04
 0.47323706689981027E+00   0.825929373E-02  -0.212399896E+04
 0.47506505238372465E+00   0.888137500E-02  -0.197130908E+04
 0.47677237681266932E+00   0.954807541E-02  -0.182975538E+04
 0.47836688404764582E+00   0.102625930E-01  -0.169846779E+04
 0.47985591927474824E+00   0.110283547E-01  -0.157665235E+04
 0.48124635860619774E+00   0.118490327E-01  -0.146358347E+04
 0.48254463715671797E+00   0.127285618E-01  -0.135859725E+04
 0.48375677564597974E+00   0.136711581E-01  -0.126108549E+04
 0.48488840558218810E+00   0.146813395E-01  -0.117049034E+04
 0.48594479308517546E+00   0.157639466E-01  -0.108629969E+04
 0.48693086140975100E+00   0.169241660E-01  -0.100804288E+04
 0.48785121223159700E+00   0.181675547E-01  -0.935287009E+03
 0.48871014575876465E+00   0.195000668E-01  -0.867633526E+03
 0.48951167973181958E+00   0.209280813E-01  -0.804715241E+03
 0.49025956737491938E+00   0.224584324E-01  -0.746193590E+03
 0.49095731435852408E+00   0.240984419E-01  -0.691756174E+03
 0.49160819483200047E+00   0.258559536E-01  -0.641114536E+03
 0.49221526658099019E+00   0.277393703E-01  -0.594002141E+03
 0.49278138536000249E+00   0.297576934E-01  -0.550172538E+03
 0.49330921844516562E+00   0.319205651E-01  -0.509397683E+03
 0.49380125744539194E+00   0.342383136E-01  -0.471466406E+03
 0.49425983040236099E+00   0.367220017E-01  -0.436183018E+03
 0.49468711320077391E+00   0.393834780E-01  -0.403366021E+03
 0.49508514030045314E+00   0.422354327E-01  -0.372846936E+03
 0.49545581479139639E+00   0.452914562E-01  -0.344469234E+03
 0.49580091776234791E+00   0.485661026E-01  -0.318087351E+03
 0.49612211696362407E+00   0.520749567E-01  -0.293565802E+03
 0.49642097473694152E+00   0.558347061E-01  -0.270778380E+03
 0.49669895518041396E+00   0.598632183E-01  -0.249607436E+03
 0.49695743051791186E+00   0.641796222E-01  -0.229943248E+03
 0.49719768665171882E+00   0.688043959E-01  -0.211683468E+03
 0.49742092790021303E+00   0.737594603E-01  -0.194732650E+03
 0.49762828096414491E+00   0.790682781E-01  -0.179001854E+03
 0.49782079823353476E+00   0.847559600E-01  -0.164408304E+03
 0.49799946064978834E+00   0.908493781E-01  -0.150875100E+03
 0.49816518047591268E+00   0.973772858E-01  -0.138330940E+03
 0.49831880448345034E+00   0.104370446E+00  -0.126709825E+03
 0.49846111817520483E+00   0.111861768E+00  -0.115950687E+03
 0.49859285159689659E+00   0.119886452E+00  -0.105996909E+03
 0.49871468686914566E+00   0.128482143E+00  -0.967957148E+02
 0.49882726670490185E+00   0.137689094E+00  -0.882975017E+02
 0.49893120212953451E+00   0.147550340E+00  -0.804552262E+02
 0.49902707713015793E+00   0.158111884E+00  -0.732240332E+02
 0.49911544878878744E+00   0.169422889E+00  -0.665612262E+02
 0.49919684346778492E+00   0.181535887E+00  -0.604265376E+02
 0.49927175152664910E+00   0.194506995E+00  -0.547825108E+02
 0.49934062352283548E+00   0.208396149E+00  -0.495947717E+02
 0.49940386978018436E+00   0.223267344E+00  -0.448320481E+02
 0.49946186358836392E+00   0.239188897E+00  -0.404659174E+02
 0.49951494710373373E+00   0.256233709E+00  -0.364703523E+02
 0.49956343856285862E+00   0.274479557E+00  -0.328211708E+02
 0.49960763949358300E+00   0.294009386E+00  -0.294954863E+02
 0.49964784091157433E+00   0.314911629E+00  -0.264712367E+02
 0.49968432782811445E+00   0.337280526E+00  -0.237268407E+02
 0.49971738169380842E+00   0.361216473E+00  -0.212410107E+02
 0.49974728065317447E+00   0.386826373E+00  -0.189927301E+02
 0.49977429769588572E+00   0.414224004E+00  -0.169613892E+02
 0.49979869697040119E+00   0.443530408E+00  -0.151270602E+02
 0.49982072868398181E+00   0.474874279E+00  -0.134708775E+02
 0.49984062317538325E+00   0.508392377E+00  -0.119754810E+02
 0.49985858498731761E+00   0.544229937E+00  -0.106254592E+02
 0.49987478824283371E+00   0.582541103E+00  -0.940769485E+01
 0.49988937551455670E+00   0.623489356E+00  -0.831144819E+01
 0.49990246333292920E+00   0.667247953E+00  -0.732794126E+01
 0.49991415645932780E+00   0.714000367E+00  -0.644928445E+01
 0.49992456672253305E+00   0.763940724E+00  -0.566706043E+01
 0.49993382343327519E+00   0.817274237E+00  -0.497154136E+01
 0.49994206527073226E+00   0.874217627E+00  -0.435229823E+01
 0.49994942099455802E+00   0.934999536E+00  -0.379964971E+01
 0.49995599533772589E+00   0.999860914E+00  -0.330572146E+01
 0.49996186694300687E+00   0.106905538E+01  -0.286460065E+01
 0.49996709433898151E+00   0.114284956E+01  -0.247188660E+01
 0.49997172397251416E+00   0.122152338E+01  -0.212408698E+01
 0.49997579692309785E+00   0.130537026E+01  -0.181811330E+01
 0.49997935330945087E+00   0.139469738E+01  -0.155094974E+01
 0.49998243454062724E+00   0.148982572E+01  -0.131948394E+01
 0.49998508392822849E+00   0.159109012E+01  -0.112046104E+01
 0.49998734621559243E+00   0.169883923E+01  -0.950518913E+00
 0.49998926650791992E+00   0.181343536E+01  -0.806268521E+00
 0.49999088898286453E+00   0.193525418E+01  -0.684390729E+00
 0.49999225565224098E+00   0.206468436E+01  -0.581729267E+00
 0.49999340534473447E+00   0.220212701E+01  -0.495367108E+00
 0.49999437299409444E+00   0.234799502E+01  -0.422679903E+00
 0.49999518925124703E+00   0.250271222E+01  -0.361365090E+00
 0.49999588039299719E+00   0.266671233E+01  -0.309448731E+00
 0.49999646847298646E+00   0.284043784E+01  -0.265274156E+00
 0.49999697164910439E+00   0.302433857E+01  -0.227477353E+00
 0.49999740462171022E+00   0.321887016E+01  -0.194954050E+00
 0.49999777912486626E+00   0.342449228E+01  -0.166822802E+00
 0.49999810442482673E+00   0.364166671E+01  -0.142387544E+00
 0.49999838779337458E+00   0.387085520E+01  -0.121102035E+00
 0.49999863493604035E+00   0.411251715E+01  -0.102537689E+00
 0.49999885036522346E+00   0.436710717E+01  -0.863555456E-01
 0.49999903771498377E+00   0.463507245E+01  -0.722826224E-01
 0.49999919999787434E+00   0.491685002E+01  -0.600926252E-01
 0.49999933980555356E+00   0.521286390E+01  -0.495908761E-01
 0.49999945945547231E+00   0.552352220E+01  -0.406032957E-01
 0.49999956108708971E+00   0.584921422E+01  -0.329691749E-01
 0.49999964671354646E+00   0.619030745E+01  -0.265372938E-01
 0.49999971823823608E+00   0.654714475E+01  -0.211646769E-01
 0.49999977744894541E+00   0.692004154E+01  -0.167170327E-01
 0.49999982600335507E+00   0.730928311E+01  -0.130698429E-01
 0.49999986541731922E+00   0.771512225E+01  -0.101092429E-01
 0.49999989706175113E+00   0.813777688E+01  -0.773225569E-02
 0.49999992216754791E+00   0.857742818E+01  -0.584642149E-02
 0.49999994183398977E+00   0.903421886E+01  -0.436916723E-02
 0.49999995703605604E+00   0.950825182E+01  -0.322725677E-02
 0.49999996862890494E+00   0.999958921E+01  -0.235645444E-02
 0.49999997735069029E+00   0.105082518E+02  -0.170131344E-02
 0.49999998382609956E+00   0.110342189E+02  -0.121491004E-02
 0.49999998857243616E+00   0.115774282E+02  -0.858386760E-03
 0.49999999200873868E+00   0.121377769E+02  -0.600267313E-03
 0.49999999446730481E+00   0.127151222E+02  -0.415590981E-03
 0.49999999620644825E+00   0.133092831E+02  -0.284954401E-03
 0.49999999742330692E+00   0.139200415E+02  -0.193549496E-03
 0.49999999826579911E+00   0.145471448E+02  -0.130265320E-03
 0.49999999884318452E+00   0.151903075E+02  -0.868947282E-04
 0.49999999923500016E+00   0.158492142E+02  -0.574633229E-04
 0.49999999949835694E+00   0.165235222E+02  -0.376811559E-04
 0.49999999967373709E+00   0.172128639E+02  -0.245073939E-04
 0.50000000000000000E+00   0.179168500E+02   0.504041253E-13
 0.50000000000000000E+00   0.186350725E+02   0.505151476E-13
 0.50000000000000000E+00   0.193671072E+02   0.492939023E-13
 0.50000000000000000E+00   0.201125171E+02   0.476285678E-13
 0.50000000000000000E+00   0.208708552E+02   0.458522109E-13
 0.50000000000000000E+00   0.216416667E+02   0.444089210E-13
 0.50000000000000000E+00   0.224244923E+02   0.427435864E-13
 0.50000000000000000E+00   0.232188702E+02   0.411892742E-13
 0.50000000000000000E+00   0.240243386E+02   0.399680289E-13
 0.50000000000000000E+00   0.248404378E+02   0.386357613E-13
 0.50000000000000000E+00   0.256667123E+02   0.374145159E-13
 0.50000000000000000E+00   0.265027122E+02   0.361932706E-13
 0.50000000000000000E+00   0.273479950E+02   0.350830476E-13
 0.50000000000000000E+00   0.282021270E+02   0.339728246E-13
 0.50000000000000000E+00   0.290646844E+02   0.329736238E-13
 0.50000000000000000E+00   0.299352542E+02   0.319744231E-13
 0.50000000000000000E+00   0.308134354E+02   0.310862447E-13
 0.50000000000000000E+00   0.316988392E+02   0.301980663E-13
 0.50000000000000000E+00   0.325910901E+02   0.293098879E-13
 0.50000000000000000E+00   0.334898257E+02   0.286437540E-13
 0.50000000000000000E+00   0.343946974E+02   0.278665979E-13
 0.50000000000000000E+00   0.353053703E+02   0.272004641E-13
 0.50000000000000000E+00   0.362215234E+02   0.264788191E-13
 0.50000000000000000E+00   0.371428496E+02   0.257571742E-13
 0.50000000000000000E+00   0.380690554E+02   0.252020627E-13
 0.50000000000000000E+00   0.389998609E+02   0.245359288E-13
 0.50000000000000000E+00   0.399349995E+02   0.240918396E-13
 0.50000000000000000E+00   0.408742176E+02   0.234812170E-13
