 0.95606311686829734E-07   0.975781955E-18  -0.203108250E+12
 0.28978671451505782E-01   0.294830693E-04  -0.610466015E+06
 0.56530706587360667E-01   0.610821736E-04  -0.294631045E+06
 0.82697561473364503E-01   0.949491783E-04  -0.189521104E+06
 0.10752294235746482E+00   0.131246847E-03  -0.137092119E+06
 0.13105230106760507E+00   0.170149623E-03  -0.105735180E+06
 0.15333236738479883E+00   0.211844470E-03  -0.849139033E+05
 0.17441072308778433E+00   0.256531767E-03  -0.701126304E+05
 0.19433541719719843E+00   0.304426272E-03  -0.590734741E+05
 0.21315462214809283E+00   0.355758156E-03  -0.505420031E+05
 0.23091632975113760E+00   0.410774103E-03  -0.437655152E+05
 0.24766808525331507E+00   0.469738502E-03  -0.382649795E+05
 0.26345675744731201E+00   0.532934713E-03  -0.337210082E+05
 0.27832834254781758E+00   0.600666428E-03  -0.299124567E+05
 0.29232779938361320E+00   0.673259129E-03  -0.266813374E+05
 0.30549891336952567E+00   0.751061654E-03  -0.239117691E+05
 0.31788418669922747E+00   0.834447870E-03  -0.215168197E+05
 0.32952475222940303E+00   0.923818468E-03  -0.194299926E+05
 0.34046030859577275E+00   0.101960289E-02  -0.175995517E+05
 0.35072907420283372E+00   0.112226138E-02  -0.159846379E+05
 0.36036775785342301E+00   0.123228722E-02  -0.145525510E+05
 0.36941154392418607E+00   0.135020907E-02  -0.132768079E+05
 0.37789409014275610E+00   0.147659350E-02  -0.121357307E+05
 0.38584753617690143E+00   0.161204775E-02  -0.111114031E+05
 0.39330252140111160E+00   0.175722261E-02  -0.101888876E+05
 0.40028821035885265E+00   0.191281555E-02  -0.935563043E+04
 0.40683232458663876E+00   0.207957407E-02  -0.860100407E+04
 0.41296117960732137E+00   0.225829929E-02  -0.791595131E+04
 0.41869972603331546E+00   0.244984977E-02  -0.729270554E+04
 0.42407159384509147E+00   0.265514568E-02  -0.672456888E+04
 0.42909913902563573E+00   0.287517314E-02  -0.620573479E+04
 0.43380349183763223E+00   0.311098900E-02  -0.573114483E+04
 0.43820460612682693E+00   0.336372591E-02  -0.529637238E+04
 0.44232130912271361E+00   0.363459771E-02  -0.489752744E+04
 0.44617135128661656E+00   0.392490527E-02  -0.453117820E+04
 0.44977145582795974E+00   0.423604272E-02  -0.419428605E+04
 0.45313736757246781E+00   0.456950413E-02  -0.388415139E+04
 0.45628390092182142E+00   0.492689066E-02  -0.359836821E+04
 0.45922498669344103E+00   0.530991824E-02  -0.333478582E+04
 0.46197371767216544E+00   0.572042574E-02  -0.309147647E+04
 0.46454239274318115E+00   0.616038382E-02  -0.286670773E+04
 0.46694255950817554E+00   0.663190431E-02  -0.265891902E+04
 0.46918505531484900E+00   0.713725036E-02  -0.246670133E+04
 0.47128004665409545E+00   0.767884719E-02  -0.228877986E+04
 0.47323706689979872E+00   0.825929373E-02  -0.212399896E+04
 0.47506505238371233E+00   0.888137500E-02  -0.197130908E+04
 0.47677237681265622E+00   0.954807541E-02  -0.182975538E+04
 0.47836688404763222E+00   0.102625930E-01  -0.169846779E+04
 0.47985591927473414E+00   0.110283547E-01  -0.157665235E+04
 0.48124635860618331E+00   0.118490327E-01  -0.146358347E+04
 0.48254463715670293E+00   0.127285618E-01  -0.135859725E+04
 0.48375677564596442E+00   0.136711581E-01  -0.126108549E+04
 0.48488840558217250E+00   0.146813395E-01  -0.117049034E+04
 0.48594479308515970E+00   0.157639466E-01  -0.108629969E+04
 0.48693086140973507E+00   0.169241660E-01  -0.100804288E+04
 0.48785121223158118E+00   0.181675547E-01  -0.935287009E+03
 0.48871014575874877E+00   0.195000668E-01  -0.867633526E+03
 0.48951167973180376E+00   0.209280813E-01  -0.804715241E+03
 0.49025956737490373E+00   0.224584324E-01  -0.746193590E+03
 0.49095731435850876E+00   0.240984419E-01  -0.691756174E+03
 0.49160819483198526E+00   0.258559536E-01  -0.641114536E+03
 0.49221526658097531E+00   0.277393703E-01  -0.594002141E+03
 0.49278138535998806E+00   0.297576934E-01  -0.550172538E+03
 0.49330921844515174E+00   0.319205651E-01  -0.509397683E+03
 0.49380125744537856E+00   0.342383136E-01  -0.471466406E+03
 0.49425983040234811E+00   0.367220017E-01  -0.436183018E+03
 0.49468711320076159E+00   0.393834780E-01  -0.403366021E+03
 0.49508514030044137E+00   0.422354327E-01  -0.372846936E+03
 0.49545581479138545E+00   0.452914562E-01  -0.344469234E+03
 0.49580091776233748E+00   0.485661026E-01  -0.318087351E+03
 0.49612211696361419E+00   0.520749567E-01  -0.293565802E+03
 0.49642097473693236E+00   0.558347061E-01  -0.270778380E+03
 0.49669895518040558E+00   0.598632183E-01  -0.249607436E+03
 0.49695743051790409E+00   0.641796222E-01  -0.229943248E+03
 0.49719768665171160E+00   0.688043959E-01  -0.211683468E+03
 0.49742092790020642E+00   0.737594603E-01  -0.194732650E+03
 0.49762828096413875E+00   0.790682781E-01  -0.179001854E+03
 0.49782079823352926E+00   0.847559600E-01  -0.164408304E+03
 0.49799946064978329E+00   0.908493781E-01  -0.150875100E+03
 0.49816518047590819E+00   0.973772858E-01  -0.138330940E+03
 0.49831880448344612E+00   0.104370446E+00  -0.126709825E+03
 0.49846111817520111E+00   0.111861768E+00  -0.115950687E+03
 0.49859285159689321E+00   0.119886452E+00  -0.105996909E+03
 0.49871468686914266E+00   0.128482143E+00  -0.967957148E+02
 0.49882726670489913E+00   0.137689094E+00  -0.882975017E+02
 0.49893120212953213E+00   0.147550340E+00  -0.804552262E+02
 0.49902707713015587E+00   0.158111884E+00  -0.732240332E+02
 0.49911544878878567E+00   0.169422889E+00  -0.665612262E+02
 0.49919684346778320E+00   0.181535887E+00  -0.604265376E+02
 0.49927175152664760E+00   0.194506995E+00  -0.547825108E+02
 0.49934062352283404E+00   0.208396149E+00  -0.495947717E+02
 0.49940386978018314E+00   0.223267344E+00  -0.448320481E+02
 0.49946186358836275E+00   0.239188897E+00  -0.404659174E+02
 0.49951494710373268E+00   0.256233709E+00  -0.364703523E+02
 0.49956343856285751E+00   0.274479557E+00  -0.328211708E+02
 0.49960763949358211E+00   0.294009386E+00  -0.294954863E+02
 0.49964784091157349E+00   0.314911629E+00  -0.264712367E+02
 0.49968432782811356E+00   0.337280526E+00  -0.237268407E+02
 0.49971738169380753E+00   0.361216473E+00  -0.212410107E+02
 0.49974728065317381E+00   0.386826373E+00  -0.189927301E+02
 0.49977429769588511E+00   0.414224004E+00  -0.169613892E+02
 0.49979869697040058E+00   0.443530408E+00  -0.151270602E+02
 0.49982072868398125E+00   0.474874279E+00  -0.134708775E+02
 0.49984062317538275E+00   0.508392377E+00  -0.119754810E+02
 0.49985858498731717E+00   0.544229937E+00  -0.106254592E+02
 0.49987478824283332E+00   0.582541103E+00  -0.940769485E+01
 0.49988937551455637E+00   0.623489356E+00  -0.831144819E+01
 0.49990246333292887E+00   0.667247953E+00  -0.732794126E+01
 0.49991415645932741E+00   0.714000367E+00  -0.644928445E+01
 0.49992456672253288E+00   0.763940724E+00  -0.566706043E+01
 0.49993382343327497E+00   0.817274237E+00  -0.497154136E+01
 0.49994206527073204E+00   0.874217627E+00  -0.435229823E+01
 0.49994942099455775E+00   0.934999536E+00  -0.379964971E+01
 0.49995599533772578E+00   0.999860914E+00  -0.330572146E+01
 0.49996186694300671E+00   0.106905538E+01  -0.286460065E+01
 0.49996709433898134E+00   0.114284956E+01  -0.247188660E+01
 0.49997172397251399E+00   0.122152338E+01  -0.212408698E+01
 0.49997579692309785E+00   0.130537026E+01  -0.181811330E+01
 0.49997935330945081E+00   0.139469738E+01  -0.155094974E+01
 0.49998243454062730E+00   0.148982572E+01  -0.131948394E+01
 0.49998508392822844E+00   0.159109012E+01  -0.112046104E+01
 0.49998734621559238E+00   0.169883923E+01  -0.950518913E+00
 0.49998926650791992E+00   0.181343536E+01  -0.806268521E+00
 0.49999088898286453E+00   0.193525418E+01  -0.684390729E+00
 0.49999225565224098E+00   0.206468436E+01  -0.581729267E+00
 0.49999340534473447E+00   0.220212701E+01  -0.495367108E+00
 0.49999437299409444E+00   0.234799502E+01  -0.422679903E+00
 0.49999518925124692E+00   0.250271222E+01  -0.361365090E+00
 0.49999588039299719E+00   0.266671233E+01  -0.309448731E+00
 0.49999646847298646E+00   0.284043784E+01  -0.265274156E+00
 0.49999697164910450E+00   0.302433857E+01  -0.227477353E+00
 0.49999740462171016E+00   0.321887016E+01  -0.194954050E+00
 0.49999777912486620E+00   0.342449228E+01  -0.166822802E+00
 0.49999810442482673E+00   0.364166671E+01  -0.142387544E+00
 0.49999838779337452E+00   0.387085520E+01  -0.121102035E+00
 0.49999863493604035E+00   0.411251715E+01  -0.102537689E+00
 0.49999885036522346E+00   0.436710717E+01  -0.863555456E-01
 0.49999903771498377E+00   0.463507245E+01  -0.722826224E-01
 0.49999919999787434E+00   0.491685002E+01  -0.600926252E-01
 0.49999933980555356E+00   0.521286390E+01  -0.495908761E-01
 0.49999945945547231E+00   0.552352220E+01  -0.406032957E-01
 0.49999956108708965E+00   0.584921422E+01  -0.329691749E-01
 0.49999964671354646E+00   0.619030745E+01  -0.265372938E-01
 0.49999971823823613E+00   0.654714475E+01  -0.211646769E-01
 0.49999977744894547E+00   0.692004154E+01  -0.167170327E-01
 0.49999982600335513E+00   0.730928311E+01  -0.130698429E-01
 0.49999986541731922E+00   0.771512225E+01  -0.101092429E-01
 0.49999989706175119E+00   0.813777688E+01  -0.773225569E-02
 0.49999992216754796E+00   0.857742818E+01  -0.584642149E-02
 0.49999994183398977E+00   0.903421886E+01  -0.436916723E-02
 0.49999995703605604E+00   0.950825182E+01  -0.322725677E-02
 0.49999996862890494E+00   0.999958921E+01  -0.235645444E-02
 0.49999997735069024E+00   0.105082518E+02  -0.170131344E-02
 0.49999998382609950E+00   0.110342189E+02  -0.121491004E-02
 0.49999998857243616E+00   0.115774282E+02  -0.858386760E-03
 0.49999999200873868E+00   0.121377769E+02  -0.600267313E-03
 0.49999999446730481E+00   0.127151222E+02  -0.415590981E-03
 0.49999999620644825E+00   0.133092831E+02  -0.284954400E-03
 0.49999999742330692E+00   0.139200415E+02  -0.193549496E-03
 0.49999999826579911E+00   0.145471448E+02  -0.130265320E-03
 0.49999999884318452E+00   0.151903075E+02  -0.868947282E-04
 0.49999999923500016E+00   0.158492142E+02  -0.574633229E-04
 0.49999999949835694E+00   0.165235222E+02  -0.376811558E-04
 0.49999999967373709E+00   0.172128639E+02  -0.245073939E-04
 0.50000000000000000E+00   0.179168500E+02   0.590638649E-13
 0.50000000000000000E+00   0.186350725E+02   0.589528426E-13
 0.50000000000000000E+00   0.193671072E+02   0.572875081E-13
 0.50000000000000000E+00   0.201125171E+02   0.552891066E-13
 0.50000000000000000E+00   0.208708552E+02   0.534017275E-13
 0.50000000000000000E+00   0.216416667E+02   0.515143483E-13
 0.50000000000000000E+00   0.224244923E+02   0.497379915E-13
 0.50000000000000000E+00   0.232188702E+02   0.479616347E-13
 0.50000000000000000E+00   0.240243386E+02   0.465183447E-13
 0.50000000000000000E+00   0.248404378E+02   0.448530102E-13
 0.50000000000000000E+00   0.256667123E+02   0.434097203E-13
 0.50000000000000000E+00   0.265027122E+02   0.420774526E-13
 0.50000000000000000E+00   0.273479950E+02   0.408562073E-13
 0.50000000000000000E+00   0.282021270E+02   0.395239397E-13
 0.50000000000000000E+00   0.290646844E+02   0.383026943E-13
 0.50000000000000000E+00   0.299352542E+02   0.371924713E-13
 0.50000000000000000E+00   0.308134354E+02   0.361932706E-13
 0.50000000000000000E+00   0.316988392E+02   0.350830476E-13
 0.50000000000000000E+00   0.325910901E+02   0.341948692E-13
 0.50000000000000000E+00   0.334898257E+02   0.333066907E-13
 0.50000000000000000E+00   0.343946974E+02   0.324185123E-13
 0.50000000000000000E+00   0.353053703E+02   0.315303339E-13
 0.50000000000000000E+00   0.362215234E+02   0.308086889E-13
 0.50000000000000000E+00   0.371428496E+02   0.300315328E-13
 0.50000000000000000E+00   0.380690554E+02   0.293098879E-13
 0.50000000000000000E+00   0.389998609E+02   0.285882429E-13
 0.50000000000000000E+00   0.399349995E+02   0.279776202E-13
 0.50000000000000000E+00   0.408742176E+02   0.273114864E-13
