 0.85004197417709036E-06   0.975781955E-18  -0.225675833E+11
 0.17818189554333108E+00   0.294830693E-04  -0.678338214E+05
 0.26712930363997378E+00   0.610821736E-04  -0.327410559E+05
 0.32034962033849068E+00   0.949491783E-04  -0.210621787E+05
 0.35569758375415944E+00   0.131246847E-03  -0.152367398E+05
 0.38082994964836359E+00   0.170149623E-03  -0.117526388E+05
 0.39957670726666528E+00   0.211844470E-03  -0.943916668E+04
 0.41406631124411120E+00   0.256531767E-03  -0.779458358E+04
 0.42557617765514810E+00   0.304426272E-03  -0.656801328E+04
 0.43491940640894977E+00   0.355758156E-03  -0.562007458E+04
 0.44263819326380371E+00   0.410774103E-03  -0.486713393E+04
 0.44910799634242776E+00   0.469738502E-03  -0.425596572E+04
 0.45459706981851999E+00   0.532934713E-03  -0.375108244E+04
 0.45930218904532527E+00   0.600666428E-03  -0.332791246E+04
 0.46337098132053722E+00   0.673259129E-03  -0.296890164E+04
 0.46691637659775964E+00   0.751061654E-03  -0.266117430E+04
 0.47002624208118216E+00   0.834447870E-03  -0.239507131E+04
 0.47276997477660465E+00   0.923818468E-03  -0.216320419E+04
 0.47520311655497927E+00   0.101960289E-02  -0.195982448E+04
 0.47737065080049584E+00   0.112226138E-02  -0.178039230E+04
 0.47930940008702488E+00   0.123228722E-02  -0.162127429E+04
 0.48104979845312035E+00   0.135020907E-02  -0.147952788E+04
 0.48261722066751067E+00   0.147659350E-02  -0.135274445E+04
 0.48403299251870063E+00   0.161204775E-02  -0.123893329E+04
 0.48531516800246449E+00   0.175722261E-02  -0.113643467E+04
 0.48647913383958086E+00   0.191281555E-02  -0.104385375E+04
 0.48753808449138669E+00   0.207957407E-02  -0.960009684E+03
 0.48850339893337702E+00   0.225829929E-02  -0.883896125E+03
 0.48938494211153999E+00   0.244984977E-02  -0.814650114E+03
 0.49019130809031397E+00   0.265514568E-02  -0.751527446E+03
 0.49093001764889710E+00   0.287517314E-02  -0.693882944E+03
 0.49160767999005223E+00   0.311098900E-02  -0.641154559E+03
 0.49223012595150489E+00   0.336372591E-02  -0.592850440E+03
 0.49280251842069805E+00   0.363459771E-02  -0.548538357E+03
 0.49332944438663318E+00   0.392490527E-02  -0.507836989E+03
 0.49381499210367008E+00   0.423604272E-02  -0.470408700E+03
 0.49426281611039435E+00   0.456950413E-02  -0.435953520E+03
 0.49467619228375787E+00   0.492689066E-02  -0.404204096E+03
 0.49505806467245750E+00   0.530991824E-02  -0.374921440E+03
 0.49541108551303414E+00   0.572042574E-02  -0.347891328E+03
 0.49573764956467181E+00   0.616038382E-02  -0.322921237E+03
 0.49603992368715921E+00   0.663190431E-02  -0.299837730E+03
 0.49631987241825171E+00   0.713725036E-02  -0.278484205E+03
 0.49657928017208808E+00   0.767884719E-02  -0.258718967E+03
 0.49681977057208776E+00   0.825929373E-02  -0.240413549E+03
 0.49704282334426042E+00   0.888137500E-02  -0.223451266E+03
 0.49724978912577800E+00   0.954807541E-02  -0.207725946E+03
 0.49744190248565395E+00   0.102625930E-01  -0.193140828E+03
 0.49762029340681274E+00   0.110283547E-01  -0.179607591E+03
 0.49778599743968149E+00   0.118490327E-01  -0.167045508E+03
 0.49793996470506685E+00   0.127285618E-01  -0.155380686E+03
 0.49808306789721940E+00   0.136711581E-01  -0.144545412E+03
 0.49821610941560984E+00   0.146813395E-01  -0.134477555E+03
 0.49833982773523861E+00   0.157639466E-01  -0.125120051E+03
 0.49845490310959895E+00   0.169241660E-01  -0.116420431E+03
 0.49856196268721631E+00   0.181675547E-01  -0.108330406E+03
 0.49866158511152042E+00   0.195000668E-01  -0.100805494E+03
 0.49875430466436732E+00   0.209280813E-01  -0.938046871E+02
 0.49884061500549876E+00   0.224584324E-01  -0.872901475E+02
 0.49892097255338863E+00   0.240984419E-01  -0.812269394E+02
 0.49899579954708229E+00   0.258559536E-01  -0.755827834E+02
 0.49906548682363128E+00   0.277393703E-01  -0.703278353E+02
 0.49913039634142292E+00   0.297576934E-01  -0.654344863E+02
 0.49919086347600516E+00   0.319205651E-01  -0.608771812E+02
 0.49924719911180776E+00   0.342383136E-01  -0.566322535E+02
 0.49929969155039727E+00   0.367220017E-01  -0.526777754E+02
 0.49934860825350363E+00   0.393834780E-01  -0.489934210E+02
 0.49939419743697033E+00   0.422354327E-01  -0.455603417E+02
 0.49943668952996617E+00   0.452914562E-01  -0.423610521E+02
 0.49947629851221015E+00   0.485661026E-01  -0.393793262E+02
 0.49951322314057545E+00   0.520749567E-01  -0.366001018E+02
 0.49954764807522806E+00   0.558347061E-01  -0.340093931E+02
 0.49957974491438578E+00   0.598632183E-01  -0.315942110E+02
 0.49960967314585736E+00   0.641796222E-01  -0.293424890E+02
 0.49963758102269440E+00   0.688043959E-01  -0.272430164E+02
 0.49966360636957008E+00   0.737594603E-01  -0.252853753E+02
 0.49968787732586528E+00   0.790682781E-01  -0.234598842E+02
 0.49971051303088665E+00   0.847559600E-01  -0.217575450E+02
 0.49973162425614848E+00   0.908493781E-01  -0.201699948E+02
 0.49975131398922762E+00   0.973772858E-01  -0.186894607E+02
 0.49976967797332150E+00   0.104370446E+00  -0.173087190E+02
 0.49978680520631680E+00   0.111861768E+00  -0.160210570E+02
 0.49980277840288606E+00   0.119886452E+00  -0.148202375E+02
 0.49981767442288810E+00   0.128482143E+00  -0.137004662E+02
 0.49983156466912737E+00   0.137689094E+00  -0.126563616E+02
 0.49984451545733943E+00   0.147550340E+00  -0.116829266E+02
 0.49985658836110308E+00   0.158111884E+00  -0.107755225E+02
 0.49986784053422539E+00   0.169422889E+00  -0.992984422E+01
 0.49987832501300283E+00   0.181535887E+00  -0.914189777E+01
 0.49988809100062531E+00   0.194506995E+00  -0.840797826E+01
 0.49989718413583928E+00   0.208396149E+00  -0.772464976E+01
 0.49990564674783738E+00   0.223267344E+00  -0.708872599E+01
 0.49991351809916273E+00   0.239188897E+00  -0.649725189E+01
 0.49992083461821613E+00   0.256233709E+00  -0.594748605E+01
 0.49992763012272257E+00   0.274479557E+00  -0.543688384E+01
 0.49993393603524211E+00   0.294009386E+00  -0.496308112E+01
 0.49993978159149965E+00   0.314911629E+00  -0.452387853E+01
 0.49994519404196025E+00   0.337280526E+00  -0.411722626E+01
 0.49995019884669339E+00   0.361216473E+00  -0.374120937E+01
 0.49995481986316276E+00   0.386826373E+00  -0.339403362E+01
 0.49995907952616114E+00   0.414224004E+00  -0.307401195E+01
 0.49996299901870772E+00   0.443530408E+00  -0.277955157E+01
 0.49996659843235502E+00   0.474874279E+00  -0.250914187E+01
 0.49996989691505389E+00   0.508392377E+00  -0.226134334E+01
 0.49997291280452361E+00   0.544229937E+00  -0.203477749E+01
 0.49997566374500041E+00   0.582541103E+00  -0.182811806E+01
 0.49997816678532148E+00   0.623489356E+00  -0.164008367E+01
 0.49998043845656626E+00   0.667247953E+00  -0.146943190E+01
 0.49998249482791907E+00   0.714000367E+00  -0.131495516E+01
 0.49998435154004672E+00   0.763940724E+00  -0.117547812E+01
 0.49998602381607188E+00   0.817274237E+00  -0.104985688E+01
 0.49998752645113209E+00   0.874217627E+00  -0.936979784E+00
 0.49998887378249068E+00   0.934999536E+00  -0.835769587E+00
 0.49999007964314923E+00   0.999860914E+00  -0.745186992E+00
 0.49999115730281229E+00   0.106905538E+01  -0.664235048E+00
 0.49999211940081517E+00   0.114284956E+01  -0.591964193E+00
 0.49999297787614394E+00   0.122152338E+01  -0.527477499E+00
 0.49999374389991580E+00   0.130537026E+01  -0.469935740E+00
 0.49999442781557180E+00   0.139469738E+01  -0.418561883E+00
 0.49999503909156090E+00   0.148982572E+01  -0.372644636E+00
 0.49999558629046070E+00   0.159109012E+01  -0.331540766E+00
 0.49999607705732818E+00   0.169883923E+01  -0.294675971E+00
 0.49999651812869772E+00   0.181343536E+01  -0.261544199E+00
 0.49999691536214724E+00   0.193525418E+01  -0.231705433E+00
 0.49999727378491116E+00   0.206468436E+01  -0.204782028E+00
 0.49999759765877327E+00   0.220212701E+01  -0.180453843E+00
 0.49999789055760352E+00   0.234799502E+01  -0.158452413E+00
 0.49999815545349147E+00   0.250271222E+01  -0.138554478E+00
 0.49999839480750274E+00   0.266671233E+01  -0.120575166E+00
 0.49999861066152296E+00   0.284043784E+01  -0.104361094E+00
 0.49999880472824659E+00   0.302433857E+01  -0.897836068E-01
 0.49999897847681146E+00   0.321887016E+01  -0.767323449E-01
 0.49999913321168260E+00   0.342449228E+01  -0.651093194E-01
 0.49999927014209089E+00   0.364166671E+01  -0.548236954E-01
 0.49999939043889596E+00   0.387085520E+01  -0.457875209E-01
 0.49999949527564308E+00   0.411251715E+01  -0.379126425E-01
 0.49999958585135756E+00   0.436710717E+01  -0.311089932E-01
 0.49999966339458013E+00   0.463507245E+01  -0.252842893E-01
 0.49999972915110247E+00   0.491685002E+01  -0.203449516E-01
 0.49999978436100662E+00   0.521286390E+01  -0.161978300E-01
 0.49999983023258321E+00   0.552352220E+01  -0.127521626E-01
 0.49999986792027235E+00   0.584921422E+01  -0.992123263E-02
 0.49999989851064225E+00   0.619030745E+01  -0.762342174E-02
 0.49999992301602503E+00   0.654714475E+01  -0.578268788E-02
 0.49999994237218826E+00   0.692004154E+01  -0.432874031E-02
 0.49999995743606274E+00   0.730928311E+01  -0.319721017E-02
 0.49999996898168719E+00   0.771512225E+01  -0.232995510E-02
 0.49999997769519910E+00   0.813777688E+01  -0.167543555E-02
 0.49999998417111230E+00   0.857742818E+01  -0.118899428E-02
 0.49999998891187958E+00   0.903421886E+01  -0.832889332E-03
 0.49999999233152431E+00   0.950825182E+01  -0.576021119E-03
 0.49999999476291279E+00   0.999958921E+01  -0.393386243E-03
 0.49999999646750382E+00   0.105082518E+02  -0.265345103E-03
 0.49999999764624248E+00   0.110342189E+02  -0.176803597E-03
 0.49999999845045628E+00   0.115774282E+02  -0.116394704E-03
 0.49999999899195213E+00   0.121377769E+02  -0.757200054E-04
 0.49999999935186046E+00   0.127151222E+02  -0.486853099E-04
 0.49999999958805108E+00   0.133092831E+02  -0.309437549E-04
 0.49999999969931963E+00   0.139200415E+02  -0.225857519E-04
 0.50000000000000000E+00   0.145471448E+02  -0.860422844E-15
 0.50000000000000000E+00   0.151903075E+02  -0.194289029E-15
 0.50000000000000000E+00   0.158492142E+02  -0.277555756E-16
 0.50000000000000000E+00   0.165235222E+02  -0.277555756E-16
 0.50000000000000000E+00   0.172128639E+02   0.000000000E+00
 0.50000000000000000E+00   0.179168500E+02  -0.277555756E-16
 0.50000000000000000E+00   0.186350725E+02  -0.138777878E-16
 0.50000000000000000E+00   0.193671072E+02  -0.138777878E-16
 0.50000000000000000E+00   0.201125171E+02  -0.138777878E-16
 0.50000000000000000E+00   0.208708552E+02  -0.138777878E-16
 0.50000000000000000E+00   0.216416667E+02  -0.138777878E-16
 0.50000000000000000E+00   0.224244923E+02  -0.138777878E-16
 0.50000000000000000E+00   0.232188702E+02  -0.138777878E-16
 0.50000000000000000E+00   0.240243386E+02  -0.138777878E-16
 0.50000000000000000E+00   0.248404378E+02  -0.138777878E-16
 0.50000000000000000E+00   0.256667123E+02  -0.138777878E-16
 0.50000000000000000E+00   0.265027122E+02  -0.138777878E-16
 0.50000000000000000E+00   0.273479950E+02  -0.138777878E-16
 0.50000000000000000E+00   0.282021270E+02  -0.138777878E-16
 0.50000000000000000E+00   0.290646844E+02  -0.138777878E-16
 0.50000000000000000E+00   0.299352542E+02  -0.138777878E-16
 0.50000000000000000E+00   0.308134354E+02  -0.138777878E-16
 0.50000000000000000E+00   0.316988392E+02  -0.138777878E-16
 0.50000000000000000E+00   0.325910901E+02  -0.138777878E-16
 0.50000000000000000E+00   0.334898257E+02  -0.138777878E-16
 0.50000000000000000E+00   0.343946974E+02  -0.693889390E-17
 0.50000000000000000E+00   0.353053703E+02  -0.693889390E-17
 0.50000000000000000E+00   0.362215234E+02  -0.208166817E-16
 0.50000000000000000E+00   0.371428496E+02  -0.138777878E-16
 0.50000000000000000E+00   0.380690554E+02  -0.693889390E-17
 0.50000000000000000E+00   0.389998609E+02   0.000000000E+00
 0.50000000000000000E+00   0.399349995E+02  -0.693889390E-17
 0.50000000000000000E+00   0.408742176E+02  -0.693889390E-17
