 0.17159902143771134E-06   0.975781955E-18  -0.112837917E+12
 0.49849266614397793E-01   0.294830693E-04  -0.339155275E+06
 0.93311523440176541E-01   0.610821736E-04  -0.163691434E+06
 0.13145424389627808E+00   0.949491783E-04  -0.105297040E+06
 0.16512148884458042E+00   0.131246847E-03  -0.761698395E+05
 0.19498950238119525E+00   0.170149623E-03  -0.587493289E+05
 0.22160648384469092E+00   0.211844470E-03  -0.471819630E+05
 0.24542155528161941E+00   0.256531767E-03  -0.389590427E+05
 0.26680620007423705E+00   0.304426272E-03  -0.328261865E+05
 0.28607036117587148E+00   0.355758156E-03  -0.280864884E+05
 0.30347468912261844E+00   0.410774103E-03  -0.243217806E+05
 0.31923997311164076E+00   0.469738502E-03  -0.212659350E+05
 0.33355448318424163E+00   0.532934713E-03  -0.187415139E+05
 0.34657974420386994E+00   0.600666428E-03  -0.166256592E+05
 0.35845511909118694E+00   0.673259129E-03  -0.148306003E+05
 0.36930147840964389E+00   0.751061654E-03  -0.132919585E+05
 0.37922416207941917E+00   0.834447870E-03  -0.119614384E+05
 0.38831538768759577E+00   0.923818468E-03  -0.108020974E+05
 0.39665622250881022E+00   0.101960289E-02  -0.978519328E+04
 0.40431820885996256E+00   0.112226138E-02  -0.888802656E+04
 0.41136471197352426E+00   0.123228722E-02  -0.809243042E+04
 0.41785204423257455E+00   0.135020907E-02  -0.738369208E+04
 0.42383040799240890E+00   0.147659350E-02  -0.674976830E+04
 0.42934469034085287E+00   0.161204775E-02  -0.618070557E+04
 0.43443513631989422E+00   0.175722261E-02  -0.566820524E+04
 0.43913792183519895E+00   0.191281555E-02  -0.520529303E+04
 0.44348564334431967E+00   0.207957407E-02  -0.478606475E+04
 0.44750773816322953E+00   0.225829929E-02  -0.440548863E+04
 0.45123084665893587E+00   0.244984977E-02  -0.405924984E+04
 0.45467912554926937E+00   0.265514568E-02  -0.374362736E+04
 0.45787451989300593E+00   0.287517314E-02  -0.345539527E+04
 0.46083700003559275E+00   0.311098900E-02  -0.319174332E+04
 0.46358476870991949E+00   0.336372591E-02  -0.295021225E+04
 0.46613444262540721E+00   0.363459771E-02  -0.272864088E+04
 0.46850121217147855E+00   0.392490527E-02  -0.252512260E+04
 0.47069898228149665E+00   0.423604272E-02  -0.233796924E+04
 0.47274049702559384E+00   0.456950413E-02  -0.216568093E+04
 0.47463745010581565E+00   0.492689066E-02  -0.200692092E+04
 0.47640058309909028E+00   0.530991824E-02  -0.186049426E+04
 0.47803977302030232E+00   0.572042574E-02  -0.172532987E+04
 0.47956411054924825E+00   0.616038382E-02  -0.160046513E+04
 0.48098197007352406E+00   0.663190431E-02  -0.148503290E+04
 0.48230107253796362E+00   0.713725036E-02  -0.137825021E+04
 0.48352854195491712E+00   0.767884719E-02  -0.127940863E+04
 0.48467095631415252E+00   0.825929373E-02  -0.118786589E+04
 0.48573439353303188E+00   0.888137500E-02  -0.110303865E+04
 0.48672447300398730E+00   0.954807541E-02  -0.102439614E+04
 0.48764639322488046E+00   0.102625930E-01  -0.951454674E+03
 0.48850496593662368E+00   0.110283547E-01  -0.883772791E+03
 0.48930464713988098E+00   0.118490327E-01  -0.820947007E+03
 0.49004956531742433E+00   0.127285618E-01  -0.762608061E+03
 0.49074354714968116E+00   0.136711581E-01  -0.708417600E+03
 0.49139014097725942E+00   0.146813395E-01  -0.658065236E+03
 0.49199263823499539E+00   0.157639466E-01  -0.611265933E+03
 0.49255409305669007E+00   0.169241660E-01  -0.567757682E+03
 0.49307734022763505E+00   0.181675547E-01  -0.527299416E+03
 0.49356501164281197E+00   0.195000668E-01  -0.489669154E+03
 0.49401955141189346E+00   0.209280813E-01  -0.454662328E+03
 0.49444322973754085E+00   0.224584324E-01  -0.422090283E+03
 0.49483815568068801E+00   0.240984419E-01  -0.391778924E+03
 0.49520628891529717E+00   0.258559536E-01  -0.363567498E+03
 0.49554945056521710E+00   0.277393703E-01  -0.337307484E+03
 0.49586933320711235E+00   0.297576934E-01  -0.312861598E+03
 0.49616751011576471E+00   0.319205651E-01  -0.290102881E+03
 0.49644544382122074E+00   0.342383136E-01  -0.268913868E+03
 0.49670449404113753E+00   0.367220017E-01  -0.249185839E+03
 0.49694592504610385E+00   0.393834780E-01  -0.230818123E+03
 0.49717091251055889E+00   0.422354327E-01  -0.213717465E+03
 0.49738054989707031E+00   0.452914562E-01  -0.197797446E+03
 0.49757585441702806E+00   0.485661026E-01  -0.182977946E+03
 0.49775777260615101E+00   0.520749567E-01  -0.169184647E+03
 0.49792718554847515E+00   0.558347061E-01  -0.156348578E+03
 0.49808491377759834E+00   0.598632183E-01  -0.144405685E+03
 0.49823172187883302E+00   0.641796222E-01  -0.133296438E+03
 0.49836832281051607E+00   0.688043959E-01  -0.122965466E+03
 0.49849538195705806E+00   0.737594603E-01  -0.113361210E+03
 0.49861352092043820E+00   0.790682781E-01  -0.104435612E+03
 0.49872332105089623E+00   0.847559600E-01  -0.961438186E+02
 0.49882532671174878E+00   0.908493781E-01  -0.884439121E+02
 0.49892004826785336E+00   0.973772858E-01  -0.812966662E+02
 0.49900796478265597E+00   0.104370446E+00  -0.746653249E+02
 0.49908952640546855E+00   0.111861768E+00  -0.685154076E+02
 0.49916515642924952E+00   0.119886452E+00  -0.628145411E+02
 0.49923525300046478E+00   0.128482143E+00  -0.575323195E+02
 0.49930019046762919E+00   0.137689094E+00  -0.526401925E+02
 0.49936032036535299E+00   0.147550340E+00  -0.481113830E+02
 0.49941597204850235E+00   0.158111884E+00  -0.439208314E+02
 0.49946745302008877E+00   0.169422889E+00  -0.400451643E+02
 0.49951504904227323E+00   0.181535887E+00  -0.364626804E+02
 0.49955902418909692E+00   0.194506995E+00  -0.331533414E+02
 0.49959962109599743E+00   0.208396149E+00  -0.300987481E+02
 0.49963706177299916E+00   0.223267344E+00  -0.272820760E+02
 0.49967154942297026E+00   0.239188897E+00  -0.246879344E+02
 0.49970327162191019E+00   0.256233709E+00  -0.223021245E+02
 0.49973240480634051E+00   0.274479557E+00  -0.201113000E+02
 0.49975911922259719E+00   0.294009386E+00  -0.181025920E+02
 0.49978358267873457E+00   0.314911629E+00  -0.162633264E+02
 0.49980596138626021E+00   0.337280526E+00  -0.145809586E+02
 0.49982641738975464E+00   0.361216473E+00  -0.130432661E+02
 0.49984510389288361E+00   0.386826373E+00  -0.116386982E+02
 0.49986216076908996E+00   0.414224004E+00  -0.103567126E+02
 0.49987771204463938E+00   0.443530408E+00  -0.918796341E+01
 0.49989186586002271E+00   0.474874279E+00  -0.812430291E+01
 0.49990471638424094E+00   0.508392377E+00  -0.715863702E+01
 0.49991634678037161E+00   0.544229937E+00  -0.628470171E+01
 0.49992683242023983E+00   0.582541103E+00  -0.549682093E+01
 0.49993624381310381E+00   0.623489356E+00  -0.478968618E+01
 0.49994464896289154E+00   0.667247953E+00  -0.415817904E+01
 0.49995211504509240E+00   0.714000367E+00  -0.359724502E+01
 0.49995870940472076E+00   0.763940724E+00  -0.310181829E+01
 0.49996449994201508E+00   0.817274237E+00  -0.266679260E+01
 0.49996955498965012E+00   0.874217627E+00  -0.228703027E+01
 0.49997394280418561E+00   0.934999536E+00  -0.195740031E+01
 0.49997773080030089E+00   0.999860914E+00  -0.167283573E+01
 0.49998098465183421E+00   0.106905538E+01  -0.142840098E+01
 0.49998376737077721E+00   0.114284956E+01  -0.121936103E+01
 0.49998613845623779E+00   0.122152338E+01  -0.104124513E+01
 0.49998815318232342E+00   0.130537026E+01  -0.889900267E+00
 0.49998986206932799E+00   0.139469738E+01  -0.761530786E+00
 0.49999131055885643E+00   0.148982572E+01  -0.652722729E+00
 0.49999253889251521E+00   0.159109012E+01  -0.560452899E+00
 0.49999358217693030E+00   0.169883923E+01  -0.482083933E+00
 0.49999447060586388E+00   0.181343536E+01  -0.415347588E+00
 0.49999522980327576E+00   0.193525418E+01  -0.358318949E+00
 0.49999588124889882E+00   0.206468436E+01  -0.309384440E+00
 0.49999644274956967E+00   0.220212701E+01  -0.267206410E+00
 0.49999692892416214E+00   0.234799502E+01  -0.230686697E+00
 0.49999735167644355E+00   0.250271222E+01  -0.198931101E+00
 0.49999772063747699E+00   0.266671233E+01  -0.171216149E+00
 0.49999804356637129E+00   0.284043784E+01  -0.146958991E+00
 0.49999832670446309E+00   0.302433857E+01  -0.125690788E+00
 0.49999857508282558E+00   0.321887016E+01  -0.107033617E+00
 0.49999879278597403E+00   0.342449228E+01  -0.906806582E-01
 0.49999898317572733E+00   0.364166671E+01  -0.763793803E-01
 0.49999914907867249E+00   0.387085520E+01  -0.639174574E-01
 0.49999929293924211E+00   0.411251715E+01  -0.531112706E-01
 0.49999941693898653E+00   0.436710717E+01  -0.437969485E-01
 0.49999952308213047E+00   0.463507245E+01  -0.358239403E-01
 0.49999961324857600E+00   0.491685002E+01  -0.290510344E-01
 0.49999968921812088E+00   0.521286390E+01  -0.233445390E-01
 0.49999975267300384E+00   0.552352220E+01  -0.185780908E-01
 0.49999980518852949E+00   0.584921422E+01  -0.146333593E-01
 0.49999984822182458E+00   0.619030745E+01  -0.114008912E-01
 0.49999988310591731E+00   0.654714475E+01  -0.878055510E-02
 0.49999991105123404E+00   0.692004154E+01  -0.668142886E-02
 0.49999993315185598E+00   0.730928311E+01  -0.502132990E-02
 0.49999995039200640E+00   0.771512225E+01  -0.372632773E-02
 0.49999996364971122E+00   0.813777688E+01  -0.273046895E-02
 0.49999997369758498E+00   0.857742818E+01  -0.197571816E-02
 0.49999998120289402E+00   0.903421886E+01  -0.141195336E-02
 0.49999998672939056E+00   0.950825182E+01  -0.996827995E-03
 0.49999999074237639E+00   0.999958921E+01  -0.695390691E-03
 0.49999999361707054E+00   0.105082518E+02  -0.479456705E-03
 0.49999999564938807E+00   0.110342189E+02  -0.326798237E-03
 0.49999999706787635E+00   0.115774282E+02  -0.220247843E-03
 0.49999999804564799E+00   0.121377769E+02  -0.146802071E-03
 0.49999999871146639E+00   0.127151222E+02  -0.967888219E-04
 0.49999999915948701E+00   0.133092831E+02  -0.631355370E-04
 0.49999999945745854E+00   0.139200415E+02  -0.407532738E-04
 0.49999999965338415E+00   0.145471448E+02  -0.260362234E-04
 0.50000000000000000E+00   0.151903075E+02   0.954791801E-14
 0.50000000000000000E+00   0.158492142E+02   0.109912079E-13
 0.50000000000000000E+00   0.165235222E+02   0.109912079E-13
 0.50000000000000000E+00   0.172128639E+02   0.107691633E-13
 0.50000000000000000E+00   0.179168500E+02   0.101030295E-13
 0.50000000000000000E+00   0.186350725E+02   0.976996262E-14
 0.50000000000000000E+00   0.193671072E+02   0.943689571E-14
 0.50000000000000000E+00   0.201125171E+02   0.910382880E-14
 0.50000000000000000E+00   0.208708552E+02   0.877076189E-14
 0.50000000000000000E+00   0.216416667E+02   0.838218384E-14
 0.50000000000000000E+00   0.224244923E+02   0.810462808E-14
 0.50000000000000000E+00   0.232188702E+02   0.782707232E-14
 0.50000000000000000E+00   0.240243386E+02   0.760502772E-14
 0.50000000000000000E+00   0.248404378E+02   0.727196081E-14
 0.50000000000000000E+00   0.256667123E+02   0.710542736E-14
 0.50000000000000000E+00   0.265027122E+02   0.688338275E-14
 0.50000000000000000E+00   0.273479950E+02   0.666133815E-14
 0.50000000000000000E+00   0.282021270E+02   0.643929354E-14
 0.50000000000000000E+00   0.290646844E+02   0.627276009E-14
 0.50000000000000000E+00   0.299352542E+02   0.605071548E-14
 0.50000000000000000E+00   0.308134354E+02   0.593969318E-14
 0.50000000000000000E+00   0.316988392E+02   0.571764858E-14
 0.50000000000000000E+00   0.325910901E+02   0.555111512E-14
 0.50000000000000000E+00   0.334898257E+02   0.538458167E-14
 0.50000000000000000E+00   0.343946974E+02   0.532907052E-14
 0.50000000000000000E+00   0.353053703E+02   0.516253706E-14
 0.50000000000000000E+00   0.362215234E+02   0.499600361E-14
 0.50000000000000000E+00   0.371428496E+02   0.488498131E-14
 0.50000000000000000E+00   0.380690554E+02   0.482947016E-14
 0.50000000000000000E+00   0.389998609E+02   0.466293670E-14
 0.50000000000000000E+00   0.399349995E+02   0.455191440E-14
 0.50000000000000000E+00   0.408742176E+02   0.441313652E-14
