 0.49921259615427621E+00   0.97578195523695E-18  -0.59239494606403E+02
 0.49921259617985136E+00   0.29483069282768E-04  -0.59239492679246E+02
 0.49921259626479358E+00   0.61082173640461E-04  -0.59239486278627E+02
 0.49921259642128907E+00   0.94949178290611E-04  -0.59239474486290E+02
 0.49921259666444079E+00   0.13124684686428E-03  -0.59239456164172E+02
 0.49921259701175713E+00   0.17014962340302E-03  -0.59239429992978E+02
 0.49921259748351354E+00   0.21184447044981E-03  -0.59239394444905E+02
 0.49921259810347507E+00   0.25653176725507E-03  -0.59239347729189E+02
 0.49921259889926700E+00   0.30442627240692E-03  -0.59239287764196E+02
 0.49921259990304007E+00   0.35575815550320E-03  -0.59239212127278E+02
 0.49921260115215099E+00   0.41077410281323E-03  -0.59239118003519E+02
 0.49921260268997342E+00   0.46973850223137E-03  -0.59239002124585E+02
 0.49921260456682393E+00   0.53293471320370E-03  -0.59238860699008E+02
 0.49921260684102975E+00   0.60066642771546E-03  -0.59238689331685E+02
 0.49921260958015679E+00   0.67325912886222E-03  -0.59238482931326E+02
 0.49921261286242469E+00   0.75106165399386E-03  -0.59238235603904E+02
 0.49921261677833229E+00   0.83444786992019E-03  -0.59237940530075E+02
 0.49921262143253020E+00   0.92381846820159E-03  -0.59237589824160E+02
 0.49921262694597279E+00   0.10196028891215E-02  -0.59237174371927E+02
 0.49921263345839473E+00   0.11222613835509E-02  -0.59236683644035E+02
 0.49921264113115693E+00   0.12322872225722E-02  -0.59236105481488E+02
 0.49921265015052185E+00   0.13502090654347E-02  -0.59235425848962E+02
 0.49921266073141579E+00   0.14765934971652E-02  -0.59234628551207E+02
 0.49921267312175588E+00   0.16120477479678E-02  -0.59233694907045E+02
 0.49921268760742232E+00   0.17572226074079E-02  -0.59232603374682E+02
 0.49921270451797306E+00   0.19128155473023E-02  -0.59231329121106E+02
 0.49921272423320995E+00   0.20795740682274E-02  -0.59229843527313E+02
 0.49921274719072245E+00   0.22582992856177E-02  -0.59228113619863E+02
 0.49921277389455343E+00   0.24498497725618E-02  -0.59226101417903E+02
 0.49921280492515202E+00   0.26551456776172E-02  -0.59223763183218E+02
 0.49921284095080187E+00   0.28751731372654E-02  -0.59221048559050E+02
 0.49921288274074305E+00   0.31109890040199E-02  -0.59217899581386E+02
 0.49921293118023319E+00   0.33637259126873E-02  -0.59214249544059E+02
 0.49921298728783192E+00   0.36345977088734E-02  -0.59210021696374E+02
 0.49921305223522999E+00   0.39249052655295E-02  -0.59205127748908E+02
 0.49921312736999407E+00   0.42360427151559E-02  -0.59199466159755E+02
 0.49921321424164322E+00   0.45695041272231E-02  -0.59192920169587E+02
 0.49921331463153784E+00   0.49268906624595E-02  -0.59185355549557E+02
 0.49921343058712209E+00   0.53099182378730E-02  -0.59176618021167E+02
 0.49921356446113463E+00   0.57204257387563E-02  -0.59166530301736E+02
 0.49921371895648620E+00   0.61603838164655E-02  -0.59154888722987E+02
 0.49921389717758841E+00   0.66319043134761E-02  -0.59141459363504E+02
 0.49921410268902161E+00   0.71372503601200E-02  -0.59125973628329E+02
 0.49921433958253314E+00   0.76788471905016E-02  -0.59108123200858E+02
 0.49921461255347910E+00   0.82592937283951E-02  -0.59087554283347E+02
 0.49921492698794423E+00   0.88813749974526E-02  -0.59063861032986E+02
 0.49921528906190477E+00   0.95480754138094E-02  -0.59036578090679E+02
 0.49921570585393615E+00   0.10262593023187E-01  -0.59005172089564E+02
 0.49921618547309599E+00   0.11028354748868E-01  -0.58969032020450E+02
 0.49921673720373783E+00   0.11849032721462E-01  -0.58927458321986E+02
 0.49921737166911789E+00   0.12728561766261E-01  -0.58879650555437E+02
 0.49921810101573250E+00   0.13671158129094E-01  -0.58824693518338E+02
 0.49921893912034809E+00   0.14681339527142E-01  -0.58761541649378E+02
 0.49921990182163939E+00   0.15763946616981E-01  -0.58689001580560E+02
 0.49922100717819773E+00   0.16924165978315E-01  -0.58605712704380E+02
 0.49922227575436612E+00   0.18167554718499E-01  -0.58510125646815E+02
 0.49922373093484956E+00   0.19500066809896E-01  -0.58400478575390E+02
 0.49922539926826459E+00   0.20928081279553E-01  -0.58274771331065E+02
 0.49922731083863231E+00   0.22458432378533E-01  -0.58130737459919E+02
 0.49922949966219166E+00   0.24098441866553E-01  -0.57965814344135E+02
 0.49923200410464458E+00   0.25855953556357E-01  -0.57777111802123E+02
 0.49923486731091193E+00   0.27739370271550E-01  -0.57561379757166E+02
 0.49923813763545233E+00   0.29757693381404E-01  -0.57314975877351E+02
 0.49924186905598489E+00   0.31920565086455E-01  -0.57033834482905E+02
 0.49924612154681769E+00   0.34238313639551E-01  -0.56713438517627E+02
 0.49925096137970398E+00   0.36722001698414E-01  -0.56348797005202E+02
 0.49925646131005497E+00   0.39383478017693E-01  -0.55934431171935E+02
 0.49926270059435285E+00   0.42235432700963E-01  -0.55464373319818E+02
 0.49926976477086527E+00   0.45291456246181E-01  -0.54932183568489E+02
 0.49927774512069278E+00   0.48566102631601E-01  -0.54330990717786E+02
 0.49928673771073229E+00   0.52074956703276E-01  -0.53653564643145E+02
 0.49929684190596002E+00   0.55834706139791E-01  -0.52892428698635E+02
 0.49930815822818847E+00   0.59863218284852E-01  -0.52040021366707E+02
 0.49932078543604186E+00   0.64179622153785E-01  -0.51088916563913E+02
 0.49933481671177821E+00   0.68804395935657E-01  -0.50032111178049E+02
 0.49935033487176167E+00   0.73759460328728E-01  -0.48863386046115E+02
 0.49936740657721201E+00   0.79068278063012E-01  -0.47577742058433E+02
 0.49938607561901066E+00   0.84755959979821E-01  -0.46171905739121E+02
 0.49940635549206697E+00   0.90849378054143E-01  -0.44644887969296E+02
 0.49942822166348638E+00   0.97377285761297E-01  -0.42998565308145E+02
 0.49945160416756490E+00   0.10437044620442E+00  -0.41238236164714E+02
 0.49947638140701395E+00   0.11186176843355E+00  -0.39373085577532E+02
 0.49950237626004701E+00   0.11988645240026E+00  -0.37416475871574E+02
 0.49952935571865614E+00   0.12848214300340E+00  -0.35385971125311E+02
 0.49955703522553430E+00   0.13768909369134E+00  -0.33303007882039E+02
 0.49958508854225492E+00   0.14755034009334E+00  -0.31192149872837E+02
 0.49961316330509126E+00   0.15811188415740E+00  -0.29079915482787E+02
 0.49964090142044348E+00   0.16942288927237E+00  -0.26993242241173E+02
 0.49966796226116894E+00   0.18153588684917E+00  -0.24957742037641E+02
 0.49969404554355862E+00   0.19450699482699E+00  -0.22995981847532E+02
 0.49971891020006887E+00   0.20839614855590E+00  -0.21126066879379E+02
 0.49974238590003539E+00   0.22326734448556E+00  -0.19360777401048E+02
 0.49976437526003453E+00   0.23918889705942E+00  -0.17707405848972E+02
 0.49978484695248054E+00   0.25623370917446E+00  -0.16168277912020E+02
 0.49980382214848779E+00   0.27447955651526E+00  -0.14741774004556E+02
 0.49982135812901202E+00   0.29400938600797E+00  -0.13423562724325E+02
 0.49983753288511290E+00   0.31491162856155E+00  -0.12207759142259E+02
 0.49985243322080564E+00   0.33728052616913E+00  -0.11087819208802E+02
 0.49986614704516052E+00   0.36121647332923E+00  -0.10057118916768E+02
 0.49987875911610435E+00   0.38682637261280E+00  -0.91092738614549E+01
 0.49989034895790890E+00   0.41422400404472E+00  -0.82382953802401E+01
 0.49990098987726028E+00   0.44353040778554E+00  -0.74386641359130E+01
 0.49991074849189654E+00   0.47487427938818E+00  -0.67053652091030E+01
 0.49991968459970593E+00   0.50839237666158E+00  -0.60338976428256E+01
 0.49992785144644952E+00   0.54422993689737E+00  -0.54202540723179E+01
 0.49993529654592606E+00   0.58254110290335E+00  -0.48608588859118E+01
 0.49994206322413820E+00   0.62348935593563E+00  -0.43524520299618E+01
 0.49994819295008025E+00   0.66724795322943E+00  -0.38919137558721E+01
 0.49995372811466210E+00   0.71400036739287E+00  -0.34760557402503E+01
 0.49995871426007288E+00   0.76394072444865E+00  -0.31014535275384E+01
 0.49996320044719689E+00   0.81727423678444E+00  -0.27644188754582E+01
 0.49996723715248159E+00   0.87421762670440E+00  -0.24611577026387E+01
 0.49997087260167056E+00   0.93499953566278E+00  -0.21880454516606E+01
 0.49997414950438757E+00   0.99986091361083E+00  -0.19418723221472E+01
 0.49997710362602810E+00   0.10690553822024E+01  -0.17199504743220E+01
 0.49997976420463158E+00   0.11428495648913E+01  -0.15200826417663E+01
 0.49998215537344204E+00   0.12215233762238E+01  -0.13404552111111E+01
 0.49998429778699416E+00   0.13053702618907E+01  -0.11795160291398E+01
 0.49998621001147509E+00   0.13946973803820E+01  -0.10358699307165E+01
 0.49998790953145633E+00   0.14898257163832E+01  -0.90820309378318E+00
 0.49998941337518576E+00   0.15910901154124E+01  -0.79523605352754E+00
 0.49999073841912461E+00   0.16988392286241E+01  -0.69570081451040E+00
 0.49999190144791195E+00   0.18134353562483E+01  -0.60833633633792E+00
 0.49999291904437648E+00   0.19352541778144E+01  -0.53189678697963E+00
 0.49999380737642318E+00   0.20646843571704E+01  -0.46516754326512E+00
 0.49999458193753443E+00   0.22021270103889E+01  -0.40698467633228E+00
 0.49999525728657951E+00   0.23479950249930E+01  -0.35625448977413E+00
 0.49999584682122022E+00   0.25027122195788E+01  -0.31197053488029E+00
 0.49999636260792585E+00   0.26667123339008E+01  -0.27322637443426E+00
 0.49999681528097600E+00   0.28404378408543E+01  -0.23922316510899E+00
 0.49999721401338826E+00   0.30243385735729E+01  -0.20927183801474E+00
 0.49999756655494287E+00   0.32188701630746E+01  -0.18279023976600E+00
 0.49999787932679496E+00   0.34244922845610E+01  -0.15929602355372E+00
 0.49999815755874166E+00   0.36416667135785E+01  -0.13839633663181E+00
 0.49999840545399166E+00   0.38708551967931E+01  -0.11977544235555E+00
 0.49999862636690706E+00   0.41125171460457E+01  -0.10318136810996E+00
 0.49999882298105491E+00   0.43671071685993E+01  -0.88412530171412E-01
 0.49999899747731558E+00   0.46350724509653E+01  -0.75305105779263E-01
 0.49999915168413278E+00   0.49168500183013E+01  -0.63721746549271E-01
 0.49999928720399689E+00   0.52128638959647E+01  -0.53542077539646E-01
 0.49999940551199068E+00   0.55235222042457E+01  -0.44655294675473E-01
 0.49999950802413967E+00   0.58492142214126E+01  -0.36955030494778E-01
 0.49999959613573802E+00   0.61903074538070E+01  -0.30336475192890E-01
 0.49999967123285727E+00   0.65471447546554E+01  -0.24695512108056E-01
 0.49999973468341097E+00   0.69200415353393E+01  -0.19929388792151E-01
 0.49999978781651438E+00   0.73092831139412E+01  -0.15938267368044E-01
 0.49999983189935493E+00   0.77151222458371E+01  -0.12626961890229E-01
 0.49999986811879932E+00   0.81377768798438E+01  -0.99063199509459E-02
 0.49999989757103652E+00   0.85774281809213E+01  -0.76940005145888E-02
 0.49999992125840781E+00   0.90342188566791E+01  -0.59147120254801E-02
 0.49999994009011806E+00   0.95082518200100E+01  -0.45001590146259E-02
 0.49999995488359178E+00   0.99995892142010E+01  -0.33889401663262E-02
 0.49999996636503130E+00   0.10508251820010E+02  -0.25265063951738E-02
 0.49999997516963923E+00   0.11034218856679E+02  -0.18651441264946E-02
 0.49999998184286665E+00   0.11577428180921E+02  -0.13638815192675E-02
 0.49999998684382641E+00   0.12137776879844E+02  -0.98823208945964E-03
 0.49999999055122168E+00   0.12715122245837E+02  -0.70974937543844E-03
 0.49999999327138622E+00   0.13309283113941E+02  -0.50542295330575E-03
 0.49999999524761624E+00   0.13920041535339E+02  -0.35697751130925E-03
 0.49999999666990180E+00   0.14547144754655E+02  -0.25014187426897E-03
 0.49999999768432091E+00   0.15190307453807E+02  -0.17394332558512E-03
 0.49999999840159914E+00   0.15849214221413E+02  -0.12006462728864E-03
 0.49999999890457031E+00   0.16523522204246E+02  -0.82283719433973E-04
 0.49999999925444899E+00   0.17212863895965E+02  -0.56002414949907E-04
 0.49999999949596063E+00   0.17916850018301E+02  -0.37861166534203E-04
 0.49999999964942066E+00   0.18635072450965E+02  -0.26333937485856E-04
 0.50000000000000000E+00   0.19367107168599E+02  -0.37747582837255E-14
 0.50000000000000000E+00   0.20112517146046E+02  -0.83266726846887E-15
 0.50000000000000000E+00   0.20870855196793E+02   0.16653345369377E-15
 0.50000000000000000E+00   0.21641666713578E+02   0.33306690738755E-15
 0.50000000000000000E+00   0.22424492284561E+02   0.38857805861880E-15
 0.50000000000000000E+00   0.23218870163075E+02   0.38857805861880E-15
 0.50000000000000000E+00   0.24024338573573E+02   0.41633363423443E-15
 0.50000000000000000E+00   0.24840437840854E+02   0.38857805861880E-15
 0.50000000000000000E+00   0.25666712333901E+02   0.41633363423443E-15
 0.50000000000000000E+00   0.26502712219579E+02   0.38857805861880E-15
 0.50000000000000000E+00   0.27347995024993E+02   0.36082248300318E-15
 0.50000000000000000E+00   0.28202127010389E+02   0.36082248300318E-15
 0.50000000000000000E+00   0.29064684357170E+02   0.30531133177192E-15
 0.50000000000000000E+00   0.29935254177814E+02   0.33306690738755E-15
 0.50000000000000000E+00   0.30813435356248E+02   0.33306690738755E-15
 0.50000000000000000E+00   0.31698839228624E+02   0.27755575615629E-15
 0.50000000000000000E+00   0.32591090115412E+02   0.33306690738755E-15
 0.50000000000000000E+00   0.33489825716383E+02   0.30531133177192E-15
 0.50000000000000000E+00   0.34394697380382E+02   0.30531133177192E-15
 0.50000000000000000E+00   0.35305370261891E+02   0.27755575615629E-15
 0.50000000000000000E+00   0.36221523376224E+02   0.27755575615629E-15
 0.50000000000000000E+00   0.37142849564891E+02   0.27755575615629E-15
 0.50000000000000000E+00   0.38069055382202E+02   0.27755575615629E-15
 0.50000000000000000E+00   0.38999860913611E+02   0.24980018054066E-15
 0.50000000000000000E+00   0.39934999535663E+02   0.27755575615629E-15
 0.50000000000000000E+00   0.40874217626704E+02   0.24980018054066E-15
