 0.49909230886595440E+00   0.97578195523695E-18  -0.68305639898769E+02
 0.49909230889567296E+00   0.29483069282768E-04  -0.68305637658325E+02
 0.49909230899444001E+00   0.61082173640461E-04  -0.68305630212378E+02
 0.49909230917637531E+00   0.94949178290611E-04  -0.68305616496462E+02
 0.49909230945905519E+00   0.13124684686428E-03  -0.68305595185533E+02
 0.49909230986283848E+00   0.17014962340302E-03  -0.68305564744745E+02
 0.49909231041129143E+00   0.21184447044981E-03  -0.68305523397462E+02
 0.49909231113204472E+00   0.25653176725507E-03  -0.68305469060637E+02
 0.49909231205721438E+00   0.30442627240692E-03  -0.68305399313084E+02
 0.49909231322417835E+00   0.35575815550320E-03  -0.68305311336920E+02
 0.49909231467636633E+00   0.41077410281323E-03  -0.68305201858012E+02
 0.49909231646420410E+00   0.46973850223137E-03  -0.68305067074837E+02
 0.49909231864618819E+00   0.53293471320370E-03  -0.68304902577394E+02
 0.49909232129012837E+00   0.60066642771546E-03  -0.68304703253574E+02
 0.49909232447457563E+00   0.67325912886222E-03  -0.68304463181506E+02
 0.49909232829046590E+00   0.75106165399386E-03  -0.68304175505623E+02
 0.49909233284301163E+00   0.83444786992019E-03  -0.68303832294093E+02
 0.49909233825387678E+00   0.92381846820159E-03  -0.68303424374782E+02
 0.49909234466368041E+00   0.10196028891215E-02  -0.68302941146588E+02
 0.49909235223487447E+00   0.11222613835509E-02  -0.68302370362437E+02
 0.49909236115505401E+00   0.12322872225722E-02  -0.68301697879748E+02
 0.49909237164076298E+00   0.13502090654347E-02  -0.68300907373513E+02
 0.49909238394187005E+00   0.14765934971652E-02  -0.68299980006433E+02
 0.49909239834659774E+00   0.16120477479678E-02  -0.68298894049738E+02
 0.49909241518730374E+00   0.17572226074079E-02  -0.68297624447371E+02
 0.49909243484712451E+00   0.19128155473023E-02  -0.68296142315146E+02
 0.49909245776760880E+00   0.20795740682274E-02  -0.68294414365252E+02
 0.49909248445748733E+00   0.22582992856177E-02  -0.68292402245084E+02
 0.49909251550274858E+00   0.24498497725618E-02  -0.68290061777742E+02
 0.49909255157820864E+00   0.26551456776172E-02  -0.68287342089746E+02
 0.49909259346079782E+00   0.28751731372654E-02  -0.68284184609370E+02
 0.49909264204481540E+00   0.31109890040199E-02  -0.68280521916643E+02
 0.49909269835943992E+00   0.33637259126873E-02  -0.68276276423324E+02
 0.49909276358882249E+00   0.36345977088734E-02  -0.68271358858077E+02
 0.49909283909514063E+00   0.39249052655295E-02  -0.68265666528536E+02
 0.49909292644503928E+00   0.42360427151559E-02  -0.68259081328009E+02
 0.49909302743994721E+00   0.45695041272231E-02  -0.68251467450024E+02
 0.49909314415082451E+00   0.49268906624595E-02  -0.68242668768893E+02
 0.49909327895797023E+00   0.53099182378730E-02  -0.68232505838742E+02
 0.49909343459660888E+00   0.57204257387563E-02  -0.68220772457088E+02
 0.49909361420906045E+00   0.61603838164655E-02  -0.68207231731930E+02
 0.49909382140441416E+00   0.66319043134761E-02  -0.68191611583445E+02
 0.49909406032673032E+00   0.71372503601200E-02  -0.68173599602705E+02
 0.49909433573292933E+00   0.76788471905016E-02  -0.68152837180348E+02
 0.49909465308165596E+00   0.82592937283951E-02  -0.68128912807931E+02
 0.49909501863455724E+00   0.88813749974526E-02  -0.68101354443745E+02
 0.49909543957156016E+00   0.95480754138094E-02  -0.68069620823498E+02
 0.49909592412189330E+00   0.10262593023187E-01  -0.68033091584551E+02
 0.49909648171274690E+00   0.11028354748868E-01  -0.67991056060892E+02
 0.49909712313761345E+00   0.11849032721462E-01  -0.67942700595212E+02
 0.49909786074647139E+00   0.12728561766261E-01  -0.67887094205241E+02
 0.49909870866006134E+00   0.13671158129094E-01  -0.67823172434984E+02
 0.49909968301053531E+00   0.14681339527142E-01  -0.67749719219368E+02
 0.49910080221070324E+00   0.15763946616981E-01  -0.67665346595133E+02
 0.49910208725391980E+00   0.16924165978315E-01  -0.67568472104527E+02
 0.49910356204630146E+00   0.18167554718499E-01  -0.67457293765255E+02
 0.49910525377236953E+00   0.19500066809896E-01  -0.67329762525037E+02
 0.49910719329430075E+00   0.20928081279553E-01  -0.67183552188519E+02
 0.49910941558361843E+00   0.22458432378533E-01  -0.67016026905921E+02
 0.49911196018225856E+00   0.24098441866553E-01  -0.66824206456824E+02
 0.49911487168731239E+00   0.25855953556357E-01  -0.66604729760951E+02
 0.49911820025021142E+00   0.27739370271550E-01  -0.66353817315248E+02
 0.49912200207643759E+00   0.29757693381404E-01  -0.66067233609967E+02
 0.49912633990577160E+00   0.31920565086455E-01  -0.65740251034646E+02
 0.49913128344536922E+00   0.34238313639551E-01  -0.65367617367807E+02
 0.49913690971831576E+00   0.36722001698414E-01  -0.64943529671000E+02
 0.49914330327856271E+00   0.39383478017693E-01  -0.64461618293527E+02
 0.49915055622920629E+00   0.42235432700963E-01  -0.63914945744679E+02
 0.49915876796507741E+00   0.45291456246181E-01  -0.63296026394514E+02
 0.49916804454307795E+00   0.48566102631601E-01  -0.62596874282637E+02
 0.49917849756573535E+00   0.52074956703276E-01  -0.61809087664177E+02
 0.49919024244696220E+00   0.55834706139791E-01  -0.60923980156763E+02
 0.49920339591711066E+00   0.59863218284852E-01  -0.59932769238407E+02
 0.49921807262165285E+00   0.64179622153785E-01  -0.58826833038711E+02
 0.49923438068055226E+00   0.68804395935657E-01  -0.57598045387126E+02
 0.49925241611177912E+00   0.73759460328728E-01  -0.56239196316326E+02
 0.49927225609218068E+00   0.79068278063012E-01  -0.54744499937289E+02
 0.49929395114218300E+00   0.84755959979821E-01  -0.53110183044807E+02
 0.49931751648598344E+00   0.90849378054143E-01  -0.51335135352717E+02
 0.49934292305884909E+00   0.97377285761297E-01  -0.49421585691005E+02
 0.49937008889970547E+00   0.10437044620442E+00  -0.47375748450463E+02
 0.49939887195421329E+00   0.11186176843355E+00  -0.45208363018243E+02
 0.49942906556991701E+00   0.11988645240026E+00  -0.42935029763377E+02
 0.49946039811107018E+00   0.12848214300340E+00  -0.40576235306246E+02
 0.49949253805249361E+00   0.13768909369134E+00  -0.38156965140980E+02
 0.49952510552034729E+00   0.14755034009334E+00  -0.35705831329763E+02
 0.49955769045785425E+00   0.15811188415740E+00  -0.33253702544285E+02
 0.49958987642122288E+00   0.16942288927237E+00  -0.30831911958356E+02
 0.49962126762099113E+00   0.18153588684917E+00  -0.28470222881688E+02
 0.49965151556157139E+00   0.19450699482699E+00  -0.26194826633403E+02
 0.49968034097303976E+00   0.20839614855590E+00  -0.24026696250206E+02
 0.49970754712360083E+00   0.22326734448556E+00  -0.21980589549253E+02
 0.49973302222475929E+00   0.23918889705942E+00  -0.20064872728537E+02
 0.49975673117374025E+00   0.25623370917446E+00  -0.18282145269918E+02
 0.49977869948282105E+00   0.27447955651526E+00  -0.16630451282916E+02
 0.49979899388486837E+00   0.29400938600797E+00  -0.15104739528566E+02
 0.49981770410032622E+00   0.31491162856155E+00  -0.13698235021112E+02
 0.49983492874069874E+00   0.33728052616913E+00  -0.12403498856864E+02
 0.49985076621278124E+00   0.36121647332923E+00  -0.11213111649535E+02
 0.49986530985323785E+00   0.38682637261280E+00  -0.10120038763662E+02
 0.49987864592242504E+00   0.41422400404472E+00  -0.91177805837182E+01
 0.49989085333917355E+00   0.44353040778554E+00  -0.82003919637582E+01
 0.49990200456937806E+00   0.47487427938818E+00  -0.73624150283654E+01
 0.49991216739988836E+00   0.50839237666158E+00  -0.65987455214504E+01
 0.49992140725381301E+00   0.54422993689737E+00  -0.59044585487249E+01
 0.49992978936242954E+00   0.58254110290335E+00  -0.52746451631637E+01
 0.49993737988086073E+00   0.62348935593563E+00  -0.47043283618437E+01
 0.49994424532963144E+00   0.66724795322943E+00  -0.41885048905999E+01
 0.49995045056339205E+00   0.71400036739287E+00  -0.37222977068552E+01
 0.49995605623759537E+00   0.76394072444865E+00  -0.33011461523107E+01
 0.49996111686738276E+00   0.81727423678444E+00  -0.29209516288667E+01
 0.49996568006905762E+00   0.87421762670440E+00  -0.25781344373436E+01
 0.49996978694266508E+00   0.93499953566278E+00  -0.22696049088306E+01
 0.49997347318985663E+00   0.99986091361083E+00  -0.19926793227926E+01
 0.49997677050954153E+00   0.10690553822024E+01  -0.17449749816296E+01
 0.49997970793023994E+00   0.11428495648913E+01  -0.15243100613199E+01
 0.49998231288685924E+00   0.12215233762238E+01  -0.13286226771004E+01
 0.49998461196762944E+00   0.13053702618907E+01  -0.11559147379757E+01
 0.49998663133275945E+00   0.13946973803820E+01  -0.10042204686121E+01
 0.49998839684867563E+00   0.14898257163832E+01  -0.87159630094114E+00
 0.49998993400171082E+00   0.15910901154124E+01  -0.75612733610128E+00
 0.49999126766118557E+00   0.16988392286241E+01  -0.65594512178565E+00
 0.49999242175925757E+00   0.18134353562483E+01  -0.56925168369651E+00
 0.49999341894696381E+00   0.19352541778144E+01  -0.49434534704769E+00
 0.49999428027473514E+00   0.20646843571704E+01  -0.42964472168595E+00
 0.49999502493291137E+00   0.22021270103889E+01  -0.37370818216884E+00
 0.49999567007469936E+00   0.23479950249930E+01  -0.32524715673875E+00
 0.49999623073164146E+00   0.25027122195788E+01  -0.28313246922566E+00
 0.49999671982079336E+00   0.26667123339008E+01  -0.24639379356086E+00
 0.49999714823411218E+00   0.28404378408543E+01  -0.21421293445851E+00
 0.49999752499442707E+00   0.30243385735729E+01  -0.18591210777437E+00
 0.49999785745902225E+00   0.32188701630746E+01  -0.16093864541540E+00
 0.49999815155120275E+00   0.34244922845610E+01  -0.13884759902020E+00
 0.49999841200183248E+00   0.36416667135785E+01  -0.11928359513524E+00
 0.49999864258598953E+00   0.38708551967931E+01  -0.10196305758396E+00
 0.49999884634363118E+00   0.41125171460457E+01  -0.86657631286207E-01
 0.49999902577657940E+00   0.43671071685993E+01  -0.73179385091385E-01
 0.49999918301663621E+00   0.46350724509653E+01  -0.61368183239284E-01
 0.49999931996121832E+00   0.49168500183013E+01  -0.51081496864712E-01
 0.49999943837409605E+00   0.52128638959647E+01  -0.42186836738261E-01
 0.49999953995046781E+00   0.55235222042457E+01  -0.34556865034082E-01
 0.49999962634825690E+00   0.58492142214126E+01  -0.28067044355574E-01
 0.49999969919108411E+00   0.61903074538070E+01  -0.22595414349965E-01
 0.49999976005192293E+00   0.65471447546554E+01  -0.18023819362407E-01
 0.49999981042850417E+00   0.69200415353393E+01  -0.14239755935068E-01
 0.49999985172075723E+00   0.73092831139412E+01  -0.11138067168675E-01
 0.49999988521675048E+00   0.77151222458371E+01  -0.86219988265125E-02
 0.49999991208820682E+00   0.81377768798438E+01  -0.66035361468126E-02
 0.49999993339237997E+00   0.85774281809213E+01  -0.50032628380878E-02
 0.49999995007583009E+00   0.90342188566791E+01  -0.37500774864100E-02
 0.49999996297726740E+00   0.95082518200100E+01  -0.27809798795329E-02
 0.49999997282925318E+00   0.99995892142010E+01  -0.20409433305260E-02
 0.49999998026023390E+00   0.10508251820010E+02  -0.14827617163077E-02
 0.49999998579854738E+00   0.11034218856679E+02  -0.10667487116320E-02
 0.49999998987916650E+00   0.11577428180921E+02  -0.76023110637957E-03
 0.49999999285294594E+00   0.12137776879844E+02  -0.53685428465200E-03
 0.49999999499748377E+00   0.12715122245837E+02  -0.37576633184933E-03
 0.49999999652853833E+00   0.13309283113941E+02  -0.26076045388024E-03
 0.49999999761108832E+00   0.13920041535339E+02  -0.17944421253757E-03
 0.49999999836940950E+00   0.14547144754655E+02  -0.12248257241060E-03
 0.49999999889583407E+00   0.15190307453807E+02  -0.82939933474857E-04
 0.49999999925808869E+00   0.15849214221413E+02  -0.55729024309004E-04
 0.49999999950525648E+00   0.16523522204246E+02  -0.37162903544274E-04
 0.49999999967250830E+00   0.17212863895965E+02  -0.24599709449458E-04
 0.50000000000000000E+00   0.17916850018301E+02  -0.21094237467878E-14
 0.50000000000000000E+00   0.18635072450965E+02   0.55511151231258E-16
 0.50000000000000000E+00   0.19367107168599E+02   0.72164496600635E-15
 0.50000000000000000E+00   0.20112517146046E+02   0.72164496600635E-15
 0.50000000000000000E+00   0.20870855196793E+02   0.88817841970013E-15
 0.50000000000000000E+00   0.21641666713578E+02   0.77715611723761E-15
 0.50000000000000000E+00   0.22424492284561E+02   0.77715611723761E-15
 0.50000000000000000E+00   0.23218870163075E+02   0.72164496600635E-15
 0.50000000000000000E+00   0.24024338573573E+02   0.77715611723761E-15
 0.50000000000000000E+00   0.24840437840854E+02   0.66613381477509E-15
 0.50000000000000000E+00   0.25666712333901E+02   0.66613381477509E-15
 0.50000000000000000E+00   0.26502712219579E+02   0.66613381477509E-15
 0.50000000000000000E+00   0.27347995024993E+02   0.61062266354384E-15
 0.50000000000000000E+00   0.28202127010389E+02   0.58286708792821E-15
 0.50000000000000000E+00   0.29064684357170E+02   0.58286708792821E-15
 0.50000000000000000E+00   0.29935254177814E+02   0.58286708792821E-15
 0.50000000000000000E+00   0.30813435356248E+02   0.55511151231258E-15
 0.50000000000000000E+00   0.31698839228624E+02   0.52735593669695E-15
 0.50000000000000000E+00   0.32591090115412E+02   0.52735593669695E-15
 0.50000000000000000E+00   0.33489825716383E+02   0.49960036108132E-15
 0.50000000000000000E+00   0.34394697380382E+02   0.52735593669695E-15
 0.50000000000000000E+00   0.35305370261891E+02   0.47184478546569E-15
 0.50000000000000000E+00   0.36221523376224E+02   0.47184478546569E-15
 0.50000000000000000E+00   0.37142849564891E+02   0.47184478546569E-15
 0.50000000000000000E+00   0.38069055382202E+02   0.47184478546569E-15
 0.50000000000000000E+00   0.38999860913611E+02   0.44408920985006E-15
 0.50000000000000000E+00   0.39934999535663E+02   0.47184478546569E-15
 0.50000000000000000E+00   0.40874217626704E+02   0.41633363423443E-15
