 0.49897568012357751E+00   0.97578195523695E-18  -0.77100211496454E+02
 0.49897568015741856E+00   0.29483069282768E-04  -0.77100208944019E+02
 0.49897568026994688E+00   0.61082173640461E-04  -0.77100200456658E+02
 0.49897568047720209E+00   0.94949178290611E-04  -0.77100184824612E+02
 0.49897568079922427E+00   0.13124684686428E-03  -0.77100160536351E+02
 0.49897568125920844E+00   0.17014962340302E-03  -0.77100125842422E+02
 0.49897568188399732E+00   0.21184447044981E-03  -0.77100078718231E+02
 0.49897568270506837E+00   0.25653176725507E-03  -0.77100016789627E+02
 0.49897568375900719E+00   0.30442627240692E-03  -0.77099937297155E+02
 0.49897568508839418E+00   0.35575815550320E-03  -0.77099837029227E+02
 0.49897568674270421E+00   0.41077410281323E-03  -0.77099712254256E+02
 0.49897568877938103E+00   0.46973850223137E-03  -0.77099558639582E+02
 0.49897569126506325E+00   0.53293471320370E-03  -0.77099371159052E+02
 0.49897569427699850E+00   0.60066642771546E-03  -0.77099143986312E+02
 0.49897569790467117E+00   0.67325912886222E-03  -0.77098870372102E+02
 0.49897570225167381E+00   0.75106165399386E-03  -0.77098542503018E+02
 0.49897570743786263E+00   0.83444786992019E-03  -0.77098151339017E+02
 0.49897571360183574E+00   0.92381846820159E-03  -0.77097686426466E+02
 0.49897572090378367E+00   0.10196028891215E-02  -0.77097135683109E+02
 0.49897572952876945E+00   0.11222613835509E-02  -0.77096485150754E+02
 0.49897573969049819E+00   0.12322872225722E-02  -0.77095718710864E+02
 0.49897575163565355E+00   0.13502090654347E-02  -0.77094817757558E+02
 0.49897576564888169E+00   0.14765934971652E-02  -0.77093760821655E+02
 0.49897578205852133E+00   0.16120477479678E-02  -0.77092523138520E+02
 0.49897580124318885E+00   0.17572226074079E-02  -0.77091076151356E+02
 0.49897582363934706E+00   0.19128155473023E-02  -0.77089386940391E+02
 0.49897584975000098E+00   0.20795740682274E-02  -0.77087417566974E+02
 0.49897588015468891E+00   0.22582992856177E-02  -0.77085124320031E+02
 0.49897591552095888E+00   0.24498497725618E-02  -0.77082456850461E+02
 0.49897595661755001E+00   0.26551456776172E-02  -0.77079357176973E+02
 0.49897600432952832E+00   0.28751731372654E-02  -0.77075758544484E+02
 0.49897605967566455E+00   0.31109890040199E-02  -0.77071584113453E+02
 0.49897612382838097E+00   0.33637259126873E-02  -0.77066745455438E+02
 0.49897619813664168E+00   0.36345977088734E-02  -0.77061140826638E+02
 0.49897628415221507E+00   0.39249052655295E-02  -0.77054653187171E+02
 0.49897638365979452E+00   0.42360427151559E-02  -0.77047147929297E+02
 0.49897649871153416E+00   0.45695041272231E-02  -0.77038470272693E+02
 0.49897663166663209E+00   0.49268906624595E-02  -0.77028442279092E+02
 0.49897678523667832E+00   0.53099182378730E-02  -0.77016859432085E+02
 0.49897696253758472E+00   0.57204257387563E-02  -0.77003486720671E+02
 0.49897716714901624E+00   0.61603838164655E-02  -0.76988054156969E+02
 0.49897740318236805E+00   0.66319043134761E-02  -0.76970251649586E+02
 0.49897767535845872E+00   0.71372503601200E-02  -0.76949723144218E+02
 0.49897798909625735E+00   0.76788471905016E-02  -0.76926059932277E+02
 0.49897835061411328E+00   0.82592937283951E-02  -0.76898793016692E+02
 0.49897876704512645E+00   0.88813749974526E-02  -0.76867384411592E+02
 0.49897924656846315E+00   0.95480754138094E-02  -0.76831217239581E+02
 0.49897979855860752E+00   0.10262593023187E-01  -0.76789584477011E+02
 0.49898043375470202E+00   0.11028354748868E-01  -0.76741676184542E+02
 0.49898116445230667E+00   0.11849032721462E-01  -0.76686565047970E+02
 0.49898200472003429E+00   0.12728561766261E-01  -0.76623190043852E+02
 0.49898297064362918E+00   0.13671158129094E-01  -0.76550338037034E+02
 0.49898408060008093E+00   0.14681339527142E-01  -0.76466623114841E+02
 0.49898535556430662E+00   0.15763946616981E-01  -0.76370463467641E+02
 0.49898681945072498E+00   0.16924165978315E-01  -0.76260055641249E+02
 0.49898849949164514E+00   0.18167554718499E-01  -0.76133346017316E+02
 0.49899042665371240E+00   0.19500066809896E-01  -0.75987999429257E+02
 0.49899263609261002E+00   0.20928081279553E-01  -0.75821364900385E+02
 0.49899516764468316E+00   0.22458432378533E-01  -0.75630438607073E+02
 0.49899806635197558E+00   0.24098441866553E-01  -0.75411824334070E+02
 0.49900138301417962E+00   0.25855953556357E-01  -0.75161691915651E+02
 0.49900517475695699E+00   0.27739370271550E-01  -0.74875734461443E+02
 0.49900950560075641E+00   0.29757693381404E-01  -0.74549125569028E+02
 0.49901444700732694E+00   0.31920565086455E-01  -0.74176478248196E+02
 0.49902007837232548E+00   0.34238313639551E-01  -0.73751807946731E+02
 0.49902648742142125E+00   0.36722001698414E-01  -0.73268502896741E+02
 0.49903377045391273E+00   0.39383478017693E-01  -0.72719306010751E+02
 0.49904203236197398E+00   0.42235432700963E-01  -0.72096313754933E+02
 0.49905138633541324E+00   0.45291456246181E-01  -0.71390998799972E+02
 0.49906195314184965E+00   0.48566102631601E-01  -0.70594264753215E+02
 0.49907385985172797E+00   0.52074956703276E-01  -0.69696542814103E+02
 0.49908723785881304E+00   0.55834706139791E-01  -0.68687941601117E+02
 0.49910222003325616E+00   0.59863218284852E-01  -0.67558462406272E+02
 0.49911893684120634E+00   0.64179622153785E-01  -0.66298292348360E+02
 0.49913751127949657E+00   0.68804395935657E-01  -0.64898186773784E+02
 0.49915805251548701E+00   0.73759460328728E-01  -0.63349949090951E+02
 0.49918064820176711E+00   0.79068278063012E-01  -0.61647010189423E+02
 0.49920535556468631E+00   0.84755959979821E-01  -0.59785099820888E+02
 0.49923219155418197E+00   0.90849378054143E-01  -0.57762988093238E+02
 0.49926112259335670E+00   0.97377285761297E-01  -0.55583256318529E+02
 0.49929205477040289E+00   0.10437044620442E+00  -0.53253033581010E+02
 0.49932482564286984E+00   0.11186176843355E+00  -0.50784610821282E+02
 0.49935919911660126E+00   0.11988645240026E+00  -0.48195822372315E+02
 0.49939486502781932E+00   0.12848214300340E+00  -0.45510072588947E+02
 0.49943144497813241E+00   0.13768909369134E+00  -0.42755891395104E+02
 0.49946850552421829E+00   0.14755034009334E+00  -0.39965936542609E+02
 0.49950557892077790E+00   0.15811188415740E+00  -0.37175428507387E+02
 0.49954219027482705E+00   0.16942288927237E+00  -0.34420104813394E+02
 0.49957788838104522E+00   0.18153588684917E+00  -0.31733899844064E+02
 0.49961227606612751E+00   0.19450699482699E+00  -0.29146664208732E+02
 0.49964503511949376E+00   0.20839614855590E+00  -0.26682293610249E+02
 0.49967594134248139E+00   0.22326734448556E+00  -0.24357602415854E+02
 0.49970486711014356E+00   0.23918889705942E+00  -0.22182136781396E+02
 0.49973177174347699E+00   0.25623370917446E+00  -0.20158903832783E+02
 0.49975668297984771E+00   0.27447955651526E+00  -0.18285768901701E+02
 0.49977967471904128E+00   0.29400938600797E+00  -0.16557131217455E+02
 0.49980084623528193E+00   0.31491162856155E+00  -0.14965487947388E+02
 0.49982030633432684E+00   0.33728052616913E+00  -0.13502625419584E+02
 0.49983816352269761E+00   0.36121647332923E+00  -0.12160357768340E+02
 0.49985452135047820E+00   0.38682637261280E+00  -0.10930876413731E+02
 0.49986947729331954E+00   0.41422400404472E+00  -0.98068334655334E+01
 0.49988312362410170E+00   0.44353040778554E+00  -0.87812756402718E+01
 0.49989554907926664E+00   0.47487427938818E+00  -0.78475185465264E+01
 0.49990684037181088E+00   0.50839237666158E+00  -0.69990325819899E+01
 0.49991708281167979E+00   0.54422993689737E+00  -0.62293959708736E+01
 0.49992635969887456E+00   0.58254110290335E+00  -0.55323400600619E+01
 0.49993475074690696E+00   0.62348935593563E+00  -0.49018674889815E+01
 0.49994233025488183E+00   0.66724795322943E+00  -0.43323892535736E+01
 0.49994916578387932E+00   0.71400036739287E+00  -0.38188238919850E+01
 0.49995531775138929E+00   0.76394072444865E+00  -0.33566277186913E+01
 0.49996083992711893E+00   0.81727423678444E+00  -0.29417573720733E+01
 0.49996578053679935E+00   0.87421762670440E+00  -0.25705867218239E+01
 0.49997018361041479E+00   0.93499953566278E+00  -0.22398054498516E+01
 0.49997409027551265E+00   0.99986091361083E+00  -0.19463217869668E+01
 0.49997753980665993E+00   0.10690553822024E+01  -0.16871835921716E+01
 0.49998057034500298E+00   0.11428495648913E+01  -0.14595242310669E+01
 0.49998321927805328E+00   0.12215233762238E+01  -0.12605339899582E+01
 0.49998552331849050E+00   0.13053702618907E+01  -0.10874541077683E+01
 0.49998751834741961E+00   0.13946973803820E+01  -0.93758850757167E+00
 0.49998923909814164E+00   0.14898257163832E+01  -0.80832751315996E+00
 0.49999071875596557E+00   0.15910901154124E+01  -0.69717787655066E+00
 0.49999198854164678E+00   0.16988392286241E+01  -0.60179403938912E+00
 0.49999307733356213E+00   0.18134353562483E+01  -0.52000648862018E+00
 0.49999401136897448E+00   0.19352541778144E+01  -0.44984417517957E+00
 0.49999481404946633E+00   0.20646843571704E+01  -0.38954911152557E+00
 0.49999550586117680E+00   0.22021270103889E+01  -0.33758234907286E+00
 0.49999610440782533E+00   0.23479950249930E+01  -0.29262148651525E+00
 0.49999662454434385E+00   0.25027122195788E+01  -0.25355062336480E+00
 0.49999707859170162E+00   0.26667123339008E+01  -0.21944421670633E+00
 0.49999747660941646E+00   0.28404378408543E+01  -0.18954660654304E+00
 0.49999782670127668E+00   0.30243385735729E+01  -0.16324904762591E+00
 0.49999813533165149E+00   0.32188701630746E+01  -0.14006594716519E+00
 0.49999840763373499E+00   0.34244922845610E+01  -0.11961170888326E+00
 0.49999864769618302E+00   0.36416667135785E+01  -0.10157920095918E+00
 0.49999885881959238E+00   0.38708551967931E+01  -0.85720489394809E-01
 0.49999904373812559E+00   0.41125171460457E+01  -0.71830190047482E-01
 0.49999920480370902E+00   0.43671071685993E+01  -0.59731631915650E-01
 0.49999934413098646E+00   0.46350724509653E+01  -0.49265968707224E-01
 0.49999946370158710E+00   0.49168500183013E+01  -0.40284346359535E-01
 0.49999956542760648E+00   0.52128638959647E+01  -0.32643134569732E-01
 0.49999965117722717E+00   0.55235222042457E+01  -0.26202002085736E-01
 0.49999972276985793E+00   0.58492142214126E+01  -0.20824281800777E-01
 0.49999978195248651E+00   0.61903074538070E+01  -0.16378746901589E-01
 0.49999983037091567E+00   0.65471447546554E+01  -0.12741771406401E-01
 0.49999986954740555E+00   0.69200415353393E+01  -0.97990094979115E-02
 0.49999990087023960E+00   0.73092831139412E+01  -0.74461792557430E-02
 0.49999992559372036E+00   0.77151222458371E+01  -0.55890629205104E-02
 0.49999994484291682E+00   0.81377768798438E+01  -0.41431502524131E-02
 0.49999995961791016E+00   0.85774281809213E+01  -0.30333195879121E-02
 0.49999997079572578E+00   0.90342188566791E+01  -0.21936926867713E-02
 0.49999997913141769E+00   0.95082518200100E+01  -0.15675532811308E-02
 0.49999998526090050E+00   0.99995892142010E+01  -0.11071343116961E-02
 0.49999998970727738E+00   0.10508251820010E+02  -0.77314263910411E-03
 0.49999999289085728E+00   0.11034218856679E+02  -0.53400656342817E-03
 0.49999999514186905E+00   0.11577428180921E+02  -0.36492076035011E-03
 0.49999999671441309E+00   0.12137776879844E+02  -0.24679839447594E-03
 0.49999999780028975E+00   0.12715122245837E+02  -0.16523226817355E-03
 0.49999999854173671E+00   0.13309283113941E+02  -0.10953813463721E-03
 0.49999999904252385E+00   0.13920041535339E+02  -0.71921278693932E-04
 0.49999999937720963E+00   0.14547144754655E+02  -0.46781197801771E-04
 0.49999999959860097E+00   0.15190307453807E+02  -0.30151288575420E-04
 0.49999999969931963E+00   0.15849214221413E+02  -0.22585751907500E-04
 0.50000000000000000E+00   0.16523522204246E+02   0.22204460492503E-15
 0.50000000000000000E+00   0.17212863895965E+02   0.10547118733939E-14
 0.50000000000000000E+00   0.17916850018301E+02   0.12212453270877E-14
 0.50000000000000000E+00   0.18635072450965E+02   0.12212453270877E-14
 0.50000000000000000E+00   0.19367107168599E+02   0.11657341758564E-14
 0.50000000000000000E+00   0.20112517146046E+02   0.11657341758564E-14
 0.50000000000000000E+00   0.20870855196793E+02   0.11102230246252E-14
 0.50000000000000000E+00   0.21641666713578E+02   0.10547118733939E-14
 0.50000000000000000E+00   0.22424492284561E+02   0.99920072216264E-15
 0.50000000000000000E+00   0.23218870163075E+02   0.94368957093138E-15
 0.50000000000000000E+00   0.24024338573573E+02   0.94368957093138E-15
 0.50000000000000000E+00   0.24840437840854E+02   0.88817841970013E-15
 0.50000000000000000E+00   0.25666712333901E+02   0.88817841970013E-15
 0.50000000000000000E+00   0.26502712219579E+02   0.83266726846887E-15
 0.50000000000000000E+00   0.27347995024993E+02   0.83266726846887E-15
 0.50000000000000000E+00   0.28202127010389E+02   0.77715611723761E-15
 0.50000000000000000E+00   0.29064684357170E+02   0.77715611723761E-15
 0.50000000000000000E+00   0.29935254177814E+02   0.72164496600635E-15
 0.50000000000000000E+00   0.30813435356248E+02   0.72164496600635E-15
 0.50000000000000000E+00   0.31698839228624E+02   0.72164496600635E-15
 0.50000000000000000E+00   0.32591090115412E+02   0.69388939039072E-15
 0.50000000000000000E+00   0.33489825716383E+02   0.66613381477509E-15
 0.50000000000000000E+00   0.34394697380382E+02   0.66613381477509E-15
 0.50000000000000000E+00   0.35305370261891E+02   0.66613381477509E-15
 0.50000000000000000E+00   0.36221523376224E+02   0.58286708792821E-15
 0.50000000000000000E+00   0.37142849564891E+02   0.61062266354384E-15
 0.50000000000000000E+00   0.38069055382202E+02   0.61062266354384E-15
 0.50000000000000000E+00   0.38999860913611E+02   0.58286708792821E-15
 0.50000000000000000E+00   0.39934999535663E+02   0.58286708792821E-15
 0.50000000000000000E+00   0.40874217626704E+02   0.55511151231258E-15
